-3.016631286216553542e-10 5.530115965221112867e-10 8.512084682490236745e-10 7.415846400957248847e-10 5.461575463365396434e-10 8.513009516341197430e-10 7.357226647066021391e-10 -1.712336744966202000e-09
3.034238647280200411e-10 -5.547817027083735234e-10 -8.555018559372761649e-10 -7.459135218181685536e-10 -5.486708531166103636e-10 -8.544843791952870610e-10 -7.385095612505786659e-10 1.720992304556562639e-09
-3.051977635453847069e-10 5.565670921162166258e-10 8.598356216174748945e-10 7.502840982528850299e-10 5.511959990257391120e-10 8.576824357653423170e-10 7.413438803281116975e-10 -1.729751507655696994e-09
3.069849909624786236e-10 -5.583679926812802577e-10 -8.642104168741151393e-10 -7.546970551604086237e-10 -5.537329473521150561e-10 -8.608950333910841854e-10 -7.442268353403679555e-10 1.738616463344224099e-09
-3.087857173139349499e-10 5.601846367987928455e-10 8.686269085202857762e-10 7.591530939077762888e-10 5.562816555332855085e-10 8.641220714518277357e-10 7.471596859399541527e-10 -1.747589338080351320e-09
3.106001146522226008e-10 -5.620172610968777685e-10 -8.730857788344149909e-10 -7.636529349668531042e-10 -5.588420725670409047e-10 -8.673634370331577198e-10 -7.501437308684328610e-10 1.756672362555282572e-09
-3.124283583162453874e-10 5.638661090449516148e-10 8.775877275669972098e-10 7.681973159174057790e-10 5.614141400150694362e-10 8.706190075455044590e-10 7.531803165376397703e-10 -1.765867838694527962e-09
3.142706282915445808e-10 -5.657314288370616384e-10 -8.821334693260273845e-10 -7.727869902459636111e-10 -5.639977943539499351e-10 -8.738886456627249376e-10 -7.562708377454265282e-10 1.775178136469751191e-09
-3.161271062569224999e-10 5.676134731890279857e-10 8.867237375096591605e-10 7.774227330320532324e-10 5.665929608533006574e-10 8.771722003629474758e-10 7.594167342332547365e-10 -1.784605699169858471e-09
3.179979774549584382e-10 -5.695125023985355057e-10 -8.913592847089194134e-10 -7.821053378590926113e-10 -5.691995563754084620e-10 -8.804695076351560270e-10 -7.626195036109668478e-10 1.794153047263521297e-09
-3.198834324877255433e-10 5.714287817577061769e-10 8.960408777258045597e-10 7.868356169130571560e-10 5.718174920690582809e-10 8.837803872082798076e-10 7.658806936969464553e-10 -1.803822781287325532e-09
3.217836632587951909e-10 -5.733625818413616241e-10 -9.007693070389862392e-10 -7.916144050317604240e-10 -5.744466649325026289e-10 -8.871046426122193736e-10 -7.692019072250156538e-10 1.813617582960849744e-09
-3.236988658852154379e-10 5.753141812586096481e-10 9.055453821671827402e-10 7.964425579453317705e-10 5.770869638511653920e-10 8.904420609062402124e-10 7.725848121553172689e-10 -1.823540222332836932e-09
3.256292422172734178e-10 -5.772838641358792049e-10 -9.103699292710995377e-10 -8.013209525093456245e-10 -5.797382683474741361e-10 -8.937924109016858611e-10 -7.760311320815533023e-10 1.833593560471028292e-09
-3.275749954018131227e-10 5.792719204303755362e-10 9.152438010917727433e-10 8.062504900289096454e-10 5.824004434369348977e-10 8.971554427495390357e-10 7.795426574752773063e-10 -1.843780549921657916e-09
3.295363332152746880e-10 -5.812786492192546874e-10 -9.201678687947303921e-10 -8.112320950982593638e-10 -5.850733441098893872e-10 -9.005308848382792670e-10 -7.831212492591704941e-10 1.854104245079816132e-09
-3.315134695195968429e-10 5.833043549915514921e-10 9.251430267884617865e-10 8.162667161188809567e-10 5.877568127303826863e-10 9.039184459020974484e-10 7.867688349615822625e-10 -1.864567802855137988e-09
3.335066201593839078e-10 -5.853493491378722987e-10 -9.301701946075437909e-10 -8.213553286522463230e-10 -5.904506770594001084e-10 -9.073178134855071708e-10 -7.904874194923244250e-10 1.875174485938862270e-09
-3.355160048731410830e-10 5.874139533964558719e-10 9.352503129109726393e-10 8.264989335364684130e-10 5.931547504688488957e-10 9.107286454032229204e-10 7.942790858497603987e-10 -1.885927673108516703e-09
3.375418509818830585e-10 -5.894984944552309432e-10 -9.403843516483457138e-10 -8.316985589932592887e-10 -5.958688336806227401e-10 -9.141505795185192490e-10 -7.981459977299799766e-10 1.896830859185195725e-09
-3.395843881965908512e-10 5.916033079049189759e-10 9.455733034754145332e-10 8.369552630178832151e-10 5.985927078545217653e-10 9.175832289805210556e-10 8.020904053925146884e-10 -1.907887663493884384e-09
3.416438489387310563e-10 -5.937287394276331482e-10 -9.508181887461230583e-10 -8.422701318858640440e-10 -6.013261392659655086e-10 -9.210261676805621658e-10 -8.061146506385685998e-10 1.919101836122396541e-09
-3.437204748166102061e-10 5.958751412528130923e-10 9.561200586224196751e-10 8.476442828922632961e-10 6.040688776616372723e-10 9.244789500195273279e-10 8.102211687763700840e-10 -1.930477261618673688e-09
3.458145114109473017e-10 -5.980428754519448319e-10 -9.614799888435953306e-10 -8.530788658048975301e-10 -6.068206496508007204e-10 -9.279410992037492650e-10 -8.144124950491824348e-10 1.942017969014784602e-09
-3.479262052466648523e-10 6.002323138527986954e-10 9.668990890682099088e-10 8.585750631609586936e-10 6.095811667305929468e-10 9.314120901998199492e-10 8.186912718818990326e-10 -1.953728136951474677e-09
3.500558120063225196e-10 -6.024438376185333513e-10 -9.723784991441561772e-10 -8.641340912812301982e-10 -6.123501152836919881e-10 -9.348913790380782936e-10 -8.230602493805413202e-10 1.965612101878715402e-09
-3.522035950590922031e-10 6.046778373199119837e-10 9.779193902434854129e-10 8.697572036689389688e-10 6.151271609793143153e-10 9.383783782835425751e-10 8.275222958994712762e-10 -1.977674365112971119e-09
3.543698175843574828e-10 -6.069347148703887654e-10 -9.835229695685621625e-10 -8.754456904532283281e-10 -6.179119469170541100e-10 -9.418724488639461460e-10 -8.320804027908110289e-10 1.989919604706142318e-09
-3.565547497301214049e-10 6.092148827454819702e-10 9.891904777546244738e-10 8.812008792117858067e-10 6.207040863266959970e-10 9.453729280242944480e-10 8.367376893459271917e-10 -2.002352680824807187e-09
3.587586733864606565e-10 -6.115187634307467191e-10 -9.949231926779480745e-10 -8.870241410723390996e-10 -6.235031717124400833e-10 -9.488790933893944951e-10 -8.414974124867583293e-10 2.014978646387711352e-09
-3.609818708577039752e-10 6.138467927624001323e-10 1.000722430202893035e-09 8.929168860904237427e-10 6.263087635212434913e-10 9.523901742597766565e-10 8.463629727926661351e-10 -2.027802761173505272e-09
3.632246291350251541e-10 -6.161994173897727472e-10 -1.006589545836602484e-09 -8.988805689608998067e-10 -6.291203908653825793e-10 -9.559053619224064866e-10 -8.513379235619939015e-10 2.040830497889715461e-09
-3.654872489699658518e-10 6.185770961600386416e-10 1.012525935831803936e-09 9.049166924657908230e-10 6.319375557156511864e-10 9.594237739349209462e-10 8.564259773037685932e-10 -2.054067557618180171e-09
3.677700329106246081e-10 -6.209803021419690511e-10 -1.018533039560882171e-09 -9.110268026976895289e-10 -6.347597219009995815e-10 -9.629444823371951886e-10 -8.616310181952476675e-10 2.067519881318499627e-09
-3.700732886025442394e-10 6.234095207100033991e-10 1.024612341956842070e-09 9.172124996133453316e-10 6.375863179213085759e-10 9.664664990025856114e-10 8.669571107859531260e-10 -2.081193664419256775e-09
3.723973364464190771e-10 -6.258652513148889552e-10 -1.030765372117816048e-09 -9.234754328295108832e-10 -6.404167364736604983e-10 -9.699887559706735087e-10 -8.724085068146313446e-10 2.095095371663795412e-09
-3.747425008642323702e-10 6.283480084399479453e-10 1.036993710513207396e-09 9.298173060327313653e-10 6.432503272676671837e-10 9.735101304396761105e-10 8.779896640928213457e-10 -2.109231751194831276e-09
3.771091124086330209e-10 -6.308583215337049316e-10 -1.043298987147556739e-09 -9.362398824305473401e-10 -6.460863969197128638e-10 -9.770294181309289376e-10 -8.837052523024134743e-10 2.123609854443146298e-09
-3.794975135859165205e-10 6.333967349793285890e-10 1.049682882791000492e-09 9.427449795933861855e-10 6.489242079691553842e-10 9.805453321958067402e-10 8.895601675900342140e-10 -2.138237053737935449e-09
3.819080527605905724e-10 -6.359638104840210738e-10 -1.056147137994465446e-09 -9.493344818891814328e-10 -6.517629731621498992e-10 -9.840565077461559374e-10 -8.955595489426125604e-10 2.153121059889645702e-09
-3.843410852253232884e-10 6.385601266961319372e-10 1.062693546668737780e-09 9.560103371796335631e-10 6.546018517737029811e-10 9.875614840559891707e-10 9.017087908512607382e-10 -2.168269946543641510e-09
3.867969787426595545e-10 -6.411862789091832868e-10 -1.069323964110606066e-09 -9.627745579497193434e-10 -6.574399510610013495e-10 -9.910587070639653572e-10 -9.080135609108486783e-10 2.183692173888877860e-09
-3.892761076332662453e-10 6.438428822759733206e-10 1.076040311496772435e-09 9.696292340251379676e-10 6.602763174905615627e-10 9.945465164068335573e-10 9.144798150298786248e-10 -2.199396608421448295e-09
3.917788545801215004e-10 -6.465305707487622314e-10 -1.082844570942147390e-09 -9.765765254361608403e-10 -6.631099334951277013e-10 -9.980231441034167445e-10 -9.211138209574786138e-10 2.215392556998997389e-09
-3.943056155028857089e-10 6.492499976854600412e-10 1.089738797910548424e-09 9.836186707014789699e-10 6.659397183249618151e-10 1.001486705166343257e-09 9.279221745245146714e-10 -2.231689792924558545e-09
3.968567934367224802e-10 -6.520018384881582202e-10 -1.096725118490453255e-09 -9.907579941130285611e-10 -6.687645172539507709e-10 -1.004935183023580554e-09 -9.349118225891947123e-10 2.248298584636223735e-09
-3.994328016322493930e-10 6.547867903436644283e-10 1.103805733139235149e-09 9.979969026917213085e-10 6.715830990878586605e-10 1.008366433624719840e-09 9.420900887428417940e-10 -2.265229738202892758e-09
4.020340670854881425e-10 -6.576055723009298264e-10 -1.110982925689824506e-09 -1.005337895741981005e-09 -6.743941539842548666e-10 -1.011778164248052901e-09 -9.494646977122992494e-10 2.282494628018016720e-09
-4.046610250804956260e-10 6.604589284384401702e-10 1.118259058457619357e-09 1.012783568757125222e-09 6.771962837991920305e-10 1.015167926469846265e-09 9.570438039730942802e-10 -2.300105240023044966e-09
4.073141227909777621e-10 -6.633476285618024504e-10 -1.125636584543190582e-09 -1.020336617355097076e-09 -6.799879965336829231e-10 -1.018533109325674296e-09 -9.648360210218114571e-10 2.318074219846230247e-09
-4.099938218995548317e-10 6.662724658724735444e-10 1.133118049569921617e-09 1.027999842181615740e-09 6.827677034961060542e-10 1.021870921236417335e-09 9.728504582021349200e-10 -2.336414916237399615e-09
4.127005938857668235e-10 -6.692342643357096019e-10 -1.140706091472421648e-09 -1.035776156938124965e-09 -6.855337092968127203e-10 -1.025178380782458049e-09 -9.810967516346892689e-10 2.355141439670691127e-09
-4.154349235972363564e-10 6.722338755647417005e-10 1.148403455023507304e-09 1.043668593135526030e-09 6.882842022905500944e-10 1.028452298214753996e-09 9.895851078289073433e-10 -2.374268718651990488e-09
4.181973119866865928e-10 -6.752721790637161029e-10 -1.156212989146559674e-09 -1.051680304588141237e-09 -6.910172526320312308e-10 -1.031689266988112177e-09 -9.983263464120216640e-10 2.393812565501731135e-09
-4.209882708915281377e-10 6.783500906797559624e-10 1.164137654632743669e-09 1.059814579190701394e-09 6.937307993146584136e-10 1.034885639612971649e-09 1.007331942487192136e-09 -2.413789746550104411e-09
4.238083277126264166e-10 -6.814685548566822730e-10 -1.172180533930352468e-09 -1.068074841961015965e-09 -6.964226377144283482e-10 -1.038037510893535116e-09 -1.016614085646083446e-09 2.434218062122925477e-09
-4.266580273618763524e-10 6.846285529984564069e-10 1.180344831758254168e-09 1.076464664765741025e-09 6.990904170945280174e-10 1.041140703890588384e-09 1.026185730124363041e-09 -2.455116432517387416e-09
4.295379273622481841e-10 -6.878311053453703973e-10 -1.188633886596954370e-09 -1.084987776133797138e-09 -7.017316241865616661e-10 -1.044190738296306424e-09 -1.036060658440814881e-09 2.476504990801116955e-09
-4.324486032578884370e-10 6.910772647242975717e-10 1.197051175870218488e-09 1.093648068221063025e-09 7.043435687726557221e-10 1.047182813799829302e-09 1.046253552708667927e-09 -2.498405197417393627e-09
4.353906492482366319e-10 -6.943681312150509738e-10 -1.205600324642719139e-09 -1.102449608623027975e-09 -7.069233761739409453e-10 -1.050111781561098343e-09 -1.056780063857762965e-09 2.520839946269360159e-09
-4.383646754381801786e-10 6.977048446678131102e-10 1.214285113975347806e-09 1.111396650173261536e-09 7.094679710686512656e-10 1.052972114220422749e-09 1.067656899750721736e-09 -2.543833705974911508e-09
4.413713109536802484e-10 -7.010885874402809409e-10 -1.223109489333900539e-09 -1.120493643640691130e-09 -7.119740571086144309e-10 -1.055757876706289377e-09 -1.078901913443427671e-09 2.567412663151316378e-09
-4.444112070362775039e-10 7.045205950697917372e-10 1.232077572851447785e-09 1.129745247991154750e-09 7.144381046069676153e-10 1.058462688975231863e-09 1.090534205714530993e-09 -2.591604880386009467e-09
4.474850329222285235e-10 -7.080021488315946651e-10 -1.241193669575442874e-09 -1.139156346737258347e-09 -7.168563330982324182e-10 -1.061079690903508171e-09 -1.102574236656560899e-09 2.616440491774308230e-09
-4.505934789135950300e-10 7.115345839316207340e-10 1.250462283442270827e-09 1.148732061773339470e-09 7.192246828990530698e-10 1.063601496926405076e-09 1.115043951104428523e-09 -2.641951894100265541e-09
4.537372625209392838e-10 -7.151192925486529123e-10 -1.259888126954458320e-09 -1.158477765678884278e-09 -7.215388004422016588e-10 -1.066020152323301827e-09 -1.127966917964126651e-09 2.668173990136900966e-09
-4.569171186418983214e-10 7.187577258717151959e-10 1.269476133352160776e-09 1.168399106121751894e-09 7.237940106310059580e-10 1.068327080744122984e-09 1.141368482535080493e-09 -2.695144447724859611e-09
4.601338099863740677e-10 -7.224513965562422316e-10 -1.279231474544409589e-09 -1.178502017959048799e-09 -7.259852871696830408e-10 -1.070513026167167964e-09 -1.155275945294534403e-09 2.722903987147134269e-09
-4.633881287758091234e-10 7.262018843225674670e-10 1.289159572544520547e-09 1.188792745295040138e-09 7.281072261432839880e-10 1.072567993388649283e-09 1.169718748999457204e-09 -2.751496732036899970e-09
4.666808858961742981e-10 -7.300108416398010512e-10 -1.299266118318824977e-09 -1.199277866748200647e-09 -7.301540103284288390e-10 -1.074481173333434508e-09 -1.184728704466736328e-09 2.780970583476643694e-09
-4.700129284394519509e-10 7.338799907534461566e-10 1.309557089479088424e-09 1.209964315161888466e-09 7.321193748373328214e-10 1.076240868351604139e-09 1.200340231499312014e-09 -2.811377652411158632e-09
4.733851330255605091e-10 -7.378111379387625596e-10 -1.320038769379493797e-09 -1.220859406961631316e-09 -7.339965625209556787e-10 -1.077834403892209188e-09 -1.216590634968395982e-09 2.842774775991047128e-09
-4.767984012576793739e-10 7.418061730744046662e-10 1.330717768799032934e-09 1.231970868465181454e-09 7.357782842094099575e-10 1.079248031105611761e-09 1.233520429952451744e-09 -2.875224081214866829e-09
4.802536765405781934e-10 -7.458670727971795940e-10 -1.341601048249028963e-09 -1.243306870710959085e-09 -7.374566666915268501e-10 -1.080466817754198838e-09 -1.251173680007597434e-09 2.908793651373246549e-09
-4.837519336687160275e-10 7.499959136445960094e-10 1.352695944957911109e-09 1.254876061427254381e-09 7.390231926710505097e-10 1.081474525057092403e-09 1.269598420834389939e-09 -2.943558308025848513e-09
4.872941818110839183e-10 -7.541948727234535371e-10 -1.364010197484716213e-09 -1.266687602307608871e-09 -7.404686490197933645e-10 -1.082253472023596050e-09 -1.288847119660008236e-09 2.979600491849184841e-09
-4.908814748679215066e-10 7.584662350590572290e-10 1.375551978090509806e-09 1.278751214836032629e-09 7.417830491739179215e-10 1.082784375862531837e-09 1.308977191776419020e-09 -3.017011322910128715e-09
4.945149047375180282e-10 -7.628124029092650575e-10 -1.387329925085181387e-09 -1.291077222470352850e-09 -7.429555564116033984e-10 -1.083046180282584584e-09 -1.330051637662732563e-09 3.055891825401630974e-09
-4.981956060679507216e-10 7.672359064653328642e-10 1.399353176606092455e-09 1.303676602589047340e-09 7.439744051632203583e-10 1.083015851747323473e-09 1.352139729152521702e-09 -3.096354373120690433e-09
5.019247629116132701e-10 -7.717394032054305249e-10 -1.411631412642134083e-09 -1.316561044149203850e-09 -7.448267950410415932e-10 -1.082668156483129561e-09 -1.375317820930509916e-09 3.138524414592564285e-09
-5.057036069218036607e-10 7.763256978780811588e-10 1.424174897417824367e-09 1.329743009362834116e-09 7.454987833751699764e-10 1.081975397999742451e-09 1.399670322898173031e-09 -3.182542509542637640e-09
5.095334198289747542e-10 -7.809977533020047076e-10 -1.436994525582504323e-09 -1.343235801878032425e-09 -7.459751658995942905e-10 -1.080907120750140252e-09 -1.425290780961546288e-09 3.228566783487578622e-09
-5.134155420513887454e-10 7.857586849769779282e-10 1.450101875701967559e-09 1.357053645999935822e-09 7.462393343949104902e-10 1.079429777253869467e-09 1.452283185367297035e-09 -3.276775875804712173e-09
5.173513709381681705e-10 -7.906118001513594498e-10 -1.463509269322448812e-09 -1.371211772556893948e-09 -7.462731121164205386e-10 -1.077506322779351343e-09 -1.480763505196283304e-09 3.327372517742337816e-09
-5.213423645238012927e-10 7.955605931172831120e-10 1.477229832360824488e-09 1.385726513419638576e-09 7.460565815848848489e-10 1.075095776172586873e-09 1.510861477976898479e-09 -3.380587899455637360e-09
5.253900511757088186e-10 -8.006087572610313324e-10 -1.491277568035187318e-09 -1.400615411832449378e-09 -7.455678787287665084e-10 -1.072152692592822501e-09 -1.542722777897138759e-09 3.436687038770004036e-09
-5.294960271521334502e-10 8.057602253872328023e-10 1.505667435310313582e-09 1.415897342951253227e-09 7.447829430100124898e-10 1.068626540588023210e-09 1.576511572353014650e-09 -3.495975433477960573e-09
5.336619643636232384e-10 -8.110191588196471166e-10 -1.520415435942971465e-09 -1.431592649600166568e-09 -7.436752608907093646e-10 -1.064461005558066802e-09 -1.612413618241027532e-09 3.558807373447535875e-09
-5.378896181973597777e-10 8.163899876200738547e-10 1.535538713804705835e-09 1.447723298044824679e-09 7.422155487434443815e-10 1.059593142901268569e-09 1.650640006590350185e-09 -3.625596420601355908e-09
5.421808274244733419e-10 -8.218774291046973280e-10 -1.551055661730536618e-09 -1.464313051608484985e-09 -7.403713860251541588e-10 -1.053952379314132771e-09 -1.691431707525204841e-09 3.696828743167644433e-09
-5.465375251249217401e-10 8.274865023660400490e-10 1.566986047361648051e-09 1.481387670212053697e-09 7.381067960620196077e-10 1.047459358869015865e-09 1.735065173167368944e-09 -3.773080281926064795e-09
5.509617444660871187e-10 -8.332225767947946112e-10 -1.583351148231719328e-09 -1.498975134803025619e-09 -7.353817589152136112e-10 -1.040024532918824674e-09 -1.781859234994124424e-09 3.855039074045012613e-09
-5.554556235829242336e-10 8.390913783346960957e-10 1.600173906940032383e-09 1.517105907614018332e-09 7.321516416112563940e-10 1.031546483275322815e-09 1.832183715552352212e-09 -3.943534673604409584e-09
5.600214171797368144e-10 -8.450990416085808847e-10 -1.617479108372094128e-09 -1.535813226577677537e-09 -7.283665049363460540e-10 -1.021909918926120933e-09 -1.886470247833560703e-09 4.039577458144983039e-09
-5.646615035034521966e-10 8.512521473214846363e-10 1.635293574272458201e-09 1.555133446300033992e-09 7.239703241022654651e-10 1.010983213553734368e-09 1.945225998365525313e-09 -4.144411919416967570e-09
5.693783938783436452e-10 -8.575577493101085082e-10 -1.653646390555921847e-09 -1.575106432582912379e-09 -7.189000417849550954e-10 -9.986154293678045955e-10 -2.009051266754446311e-09 4.259590172792820969e-09
-5.741747446921032510e-10 8.640234444176359207e-10 1.672569162296830883e-09 1.595776014170239800e-09 7.130844171148569151e-10 9.846326423925602764e-10 2.078662287142732878e-09 -4.387075228011337206e-09
5.790533689296156729e-10 -8.706574136170605497e-10 -1.692096305350455704e-09 -1.617190518759896736e-09 -7.064426900053489448e-10 -9.688333907113011478e-10 -2.154921152975010281e-09 4.529389155697600567e-09
-5.840172483711536445e-10 8.774684830164536096e-10 1.712265382301672880e-09 1.639403385512369763e-09 6.988829394390634284e-10 9.509829999569445076e-10 2.238875592741209990e-09 -4.689830744915602799e-09
5.890695498939428050e-10 -8.844662013204176332e-10 -1.733117485054475605e-09 -1.662473896418019625e-09 -6.903000746654046230e-10 -9.308064137904256490e-10 -2.331812634351606916e-09 4.872803932184181882e-09
-5.942136405399709314e-10 8.916609119570868099e-10 1.754697682229485796e-09 1.686468032894837648e-09 6.805734183839031082e-10 9.079790907804389946e-10 2.435332182781472872e-09 -5.084328924101336535e-09
5.994531053141596917e-10 -8.990638439695004203e-10 -1.777055529180215835e-09 -1.711459485431163431e-09 -6.695636963672215341e-10 -8.821152884154476051e-10 -2.551449722699781766e-09 5.332866616978812819e-09
-6.047917695817354644e-10 9.066872152847072953e-10 1.800245667835536351e-09 1.737530872676458516e-09 6.571092963644359518e-10 8.527528310685878661e-10 2.682742601735516519e-09 -5.630705573580233115e-09
6.102337182814808866e-10 -9.145443510579785502e-10 -1.824328525447496431e-09 -1.764775178760664254e-09 -6.430216090706986208e-10 -8.193330616154985077e-10 -2.832563143482705330e-09 5.996415593741083821e-09
-6.157833231930724893e-10 9.226498137425465197e-10 1.849371128693883119e-09 1.793297504941974678e-09 6.270791065334695166e-10 7.811740830038899335e-10 3.005357229730380393e-09 -6.459461081657174671e-09
6.214452728997442769e-10 -9.310195628473796906e-10 -1.875448071236840628e-09 -1.823217187623310885e-09 -6.090198015519814636e-10 -7.374345142285154827e-10 -3.207154766665172127e-09 7.069557457140706277e-09
-6.272246008917706482e-10 9.396711331767850654e-10 1.902642652037359471e-09 1.854670369840351620e-09 5.885315086505364516e-10 6.870635759366660374e-10 3.446350972978901318e-09 -7.917568728931871101e-09
6.331267238526254804e-10 -9.486238406936382187e-10 -1.931048233287409356e-09 -1.887813189360430838e-09 -5.652391291151897721e-10 -6.287310802938286282e-10 -3.735001617816696690e-09 9.188517633644400633e-09
-6.391574849238590152e-10 9.578990303081983888e-10 1.960769862304643721e-09 1.922825709621616759e-09 5.386878422174113035e-10 5.607271687916334617e-10 4.091074571337379314e-09 -1.132190089123281550e-08
6.453231956491476313e-10 -9.675203574657373259e-10 -1.991926229502018788e-09 -1.959916825396334710e-09 -5.083205483258682565e-10 -4.808153833565306936e-10 -4.542594498178832338e-09 1.563997727345963291e-08
-6.516306908241267914e-10 9.775141257709426087e-10 2.024652030419110681e-09 1.999330476042028894e-09 4.734471679956051612e-10 3.860115591266613804e-10 5.135830780344034133e-09 -2.811350974805958438e-08
6.580873923170162388e-10 -9.879096821753708342e-10 -2.059100849899262962e-09 -2.041353522641483571e-09 -4.332020866853314835e-10 -2.722408810435314327e-10 -5.952984321261755730e-09 1.142340854786555058e-07
-6.647013730654900867e-10 9.987398914445836025e-10 2.095448710593376853e-09 2.086325890956797606e-09 3.864840565001909545e-10 1.337870388537136394e-10 7.155122077379061438e-09 5.001750015081766168e-07
6.714814397044751940e-10 -1.010041697722865331e-09 -2.133898442086171345e-09 -2.134653784695713829e-09 -3.318694856667821170e-10 3.762963277153048368e-11 -9.104379786555850343e-09 2.110466024625045889e-06
-6.784372273573655158e-10 1.021856803242341660e-09 2.174685154067293569e-09 2.186827060999633004e-09 2.674842275266224503e-10 -2.544717502709446543e-10 1.280192770651562512e-08 7.063687403736352806e-06
6.855793015191850326e-10 -1.034232491547690684e-09 -2.218083112135278507e-09 -2.243442464378604532e-09 -1.908087079739831425e-10 5.364020354762560577e-10 -2.215262914234129682e-08 1.764160688779475142e-05
-6.929192859694653367e-10 1.047222620392033273e-09 2.264414462017005121e-09 2.305235113027228054e-09 9.837214371949947616e-11 -9.163225815034372741e-10 6.773785555363458884e-08 3.089768327420843184e-05
7.004700094875688532e-10 -1.060888854075183549e-09 -2.314060453646380377e-09 -2.373121906110934042e-09 1.474540854814933993e-11 1.453598958464095945e-09 3.612257889742572761e-07 3.074194815234756529e-05
-7.082456730089925778e-10 1.075302169332591130e-09 2.367475989462604228e-09 2.448262498429623200e-09 -1.557601333281155424e-10 -2.266526227916450310e-09 1.517813804521691608e-06 -6.002325898785464489e-06
7.162620540714718947e-10 -1.090544744479147098e-09 -2.425208739654262404e-09 -2.532146720653844147e-09 3.357027173277861112e-10 3.624616253073056506e-09 5.334304659571159366e-06 -7.632549944822106052e-05
-7.245367460981343122e-10 1.106712325712121148e-09 2.487924628762205250e-09 2.626722934236615432e-09 -5.723184219900695169e-10 -6.259806130851999385e-09 1.398841283039009926e-05 -1.246830742582584223e-04
7.330894412208214793e-10 -1.123917224316944780e-09 -2.556442254722029398e-09 -2.734591543712781153e-09 8.960633224582172148e-10 1.226006220212501400e-08 2.615695489458487000e-05 -8.641543365271369206e-05
-7.419422716976949467e-10 1.142292169969053665e-09 2.631780198000124860e-09 2.859305839616836913e-09 -1.363825551978607404e-09 2.162763169855782407e-07 2.945307105171300293e-05 2.503880974966849152e-05
7.511202229011256209e-10 -1.161995278882016375e-09 -2.715223237916265053e-09 -3.005856589940528721e-09 2.094843450367111896e-09 8.748189335624844462e-07 2.623712365390923317e-06 1.145296000018029760e-04
-7.606516281860465564e-10 1.183216588880453106e-09 2.808416893981476826e-09 3.181485763242641136e-09 -3.384057676289011347e-09 3.361483194012094513e-06 -5.798765598348840740e-05 1.122433359119978592e-04
7.705687771296686968e-10 -1.206186723053783749e-09 -2.913505630695835473e-09 -3.397122267030716419e-09 6.174531127376884180e-09 9.642225543985816539e-06 -1.094298211394511113e-04 4.541298098765089838e-05
-7.809086632147100357e-10 1.231188559509850779e-09 3.033340175281226773e-09 3.670071288032308220e-09 -1.518598640741410926e-08 2.021844167116988803e-05 -8.934240118400126160e-05 -1.467036402483507127e-05
7.917139028393532369e-10 -1.258573227042693491e-09 -3.171798015677102851e-09 -4.029436918839671594e-09 9.624671250167661323e-08 2.753239339915037324e-05 5.060158522383979889e-06 -3.403010444279916743e-05
-8.030338889539697585e-10 1.288782364361310956e-09 3.334296398842198651e-09 4.528118906005466009e-09 4.195028351172462788e-07 1.353488172651867109e-05 9.501230539742320223e-05 -2.573965740808947198e-05
8.149262327420670814e-10 -1.322379765070004321e-09 -3.528647570707667429e-09 -5.272729631411265722e-09 1.736678319811384349e-06 -3.356579450928722636e-05 1.068978382864937043e-04 -1.250822531684494065e-05
-8.274585986957516782e-10 1.360097363971401358e-09 3.766555515461677878e-09 6.510955014465526187e-09 5.668447351763735031e-06 -8.869050833286582435e-05 5.173886220049110922e-05 -4.428499312537917672e-06
8.407110463152464224e-10 -1.402903718689288904e-09 -4.066393738073941138e-09 -8.944164317163893467e-09 1.372712597765593208e-05 -9.448850445771254827e-05 -6.780854370530938063e-06 -1.168445505785730113e-06
-8.547790538099508119e-10 1.452109016295367238e-09 4.458748730175316032e-09 1.495030430451393544e-08 2.309495493621647956e-05 -2.527004143397310463e-05 -3.009901417568561007e-05 -2.876968349325481945e-07
8.697774734336041501e-10 -1.509531444371005641e-09 -4.998550186344359334e-09 1.750611951386538417e-07 2.110007516540743155e-05 6.608382057548189623e-05 -2.510872905465204129e-05 -2.304266481706197884e-08
-8.858457249065730295e-10 1.577771099528563259e-09 5.795023886472725959e-09 7.262035847143875964e-07 -8.525066974226837719e-06 1.011872705097926177e-04 -1.295587229664259244e-05 1.015081682518815146e-08
9.031547327474847545e-10 -1.660681928642141885e-09 -7.098983255971928895e-09 2.761041767838456643e-06 -6.029750110473511504e-05 6.475992389925428285e-05 -4.806205503058132706e-06 -5.542843152223659215e-09
-9.219162542576823512e-10 1.764230204741713267e-09 9.626810972373711142e-09 7.891386262963437175e-06 -9.092178096341998312e-05 7.386754927881885625e-06 -1.330772919211413652e-06 3.278288983737968663e-09
9.423955322130021129e-10 -1.898163284258087689e-09 -1.633570782413548021e-08 1.643095468313624603e-05 -5.642716963087881539e-05 -2.415511741573988280e-05 -3.187750586258044248e-07 -1.931932251012692678e-09
-9.649286093994543723e-10 2.079533366121420080e-09 5.358282158112134967e-08 2.216039489468571547e-05 2.629493421733782675e-05 -2.540900404614836186e-05 -5.001547942438275541e-08 1.030621090213474430e-09
9.899459792914227765e-10 -2.340972287904459202e-09 2.550363980591646650e-07 1.043678846709487738e-05 8.600227198552483539e-05 -1.483442628956793281e-05 1.898867526367750294e-08 -3.768323417831743519e-10
-1.018004478750161218e-09 2.753072759643676004e-09 1.079483748754397314e-06 -2.787362851776792710e-05 7.798762091886609802e-05 -6.037224859725801412e-06 -1.137869494649321748e-08 -1.256773588468031066e-10
1.049828335318830987e-09 -3.498121554654828193e-09 3.716427441467863752e-06 -7.195734835756684850e-05 2.783905450642074151e-05 -1.832629131880453417e-06 8.151754225120879835e-09 5.292376758448512663e-10
-1.086354357193246584e-09 5.196361441656729689e-09 9.560765074425379257e-06 -7.553556924346014993e-05 -1.329235575945857868e-05 -4.351544312721043135e-07 -6.388852136197339404e-09 -8.647182320469438966e-10
1.128752259412096054e-09 -1.127849788654311150e-08 1.741868945656475801e-05 -1.896077831462803312e-05 -2.468213530943336794e-05 -1.034577414860901980e-07 5.278657797159545084e-09 1.151513555987708766e-09
-1.178296219685512207e-09 8.194877951684601194e-08 1.870930390214391485e-05 5.424260571287210520e-05 -1.770185315602049289e-05 2.280206667280803983e-08 -4.513854295899814395e-09 -1.402437261232993522e-09
1.235567640647469769e-09 3.358776494802531316e-07 -3.199786300173290672e-07 8.134094512527413547e-05 -8.322020553423283140e-06 -1.266340442054780054e-08 3.953633878170947784e-09 1.626311778401540685e-09
-1.296593012962421151e-09 1.389651094488448171e-06 -4.043968388892226905e-05 5.128325790627049437e-05 -2.859655243606814695e-06 9.374952521657852581e-09 -3.524633470411286202e-09 -1.829426109539719070e-09
1.332613286366534493e-09 4.427244579498228774e-06 -7.188534241480246556e-05 5.235016541168226283e-06 -7.413497652489777105e-07 -7.824372207818698731e-09 3.184926370196580551e-09 2.016399309685303906e-09
-1.152419691519507936e-09 1.047549715427550971e-05 -5.509745532635784655e-05 -1.963579053600321330e-05 -1.787987147208659935e-07 6.939416598577793385e-09 -2.908821862859253913e-09 -2.190714267510635901e-09
-1.205887886216599923e-09 1.704304509699686569e-05 7.874170957378110773e-06 -2.033626582879753545e-05 -1.067140267518253623e-08 -6.374910071366638819e-09 2.679697561830393167e-09 2.355060029424239965e-09
9.769780683096584739e-08 1.445067958717941698e-05 6.392849295197684746e-05 -1.177607165057454422e-05 8.075294272474884206e-09 5.988593499397409859e-09 -2.486318533663884874e-09 -2.511558367609278393e-09
4.007059079361978508e-07 -8.667049914464023067e-06 6.794950723333239944e-05 -4.771143474623587233e-06 -6.449372402297639706e-09 -5.711665078699358150e-09 2.320814459283910557e-09 2.661917969791833071e-09
1.593602528323409396e-06 -4.633158389150795261e-05 3.071732909011485691e-05 -1.435480345056038450e-06 5.548397965739034098e-09 5.506921985594586830e-09 -2.177504875853150238e-09 -2.807542057033854897e-09
4.809539572400324124e-06 -6.572690351038451085e-05 -6.160162212011289728e-06 -3.453457863316558221e-07 -4.995530827965248387e-09 -5.352528537133355577e-09 2.052184885608149790e-09 2.949605201176973613e-09
1.068410973128308577e-05 -3.700709667367726237e-05 -1.971958172624186268e-05 -7.626619066198344977e-08 4.628183091306717841e-09 5.234840057199775610e-09 -1.941673763711783756e-09 -3.089109338425082289e-09
1.589484643052401262e-05 2.352842472044920847e-05 -1.579178700304527784e-05 1.444406635293541317e-08 -4.370165937794003320e-09 -5.144899941338826179e-09 1.843520045360120889e-09 3.226925460089997853e-09
1.063523479812032745e-05 6.354127734506253178e-05 -7.949657731957570294e-06 -6.241585594464524706e-09 4.181842340284971359e-09 5.076591878814889901e-09 -1.755803251929388726e-09 -3.363825276216099118e-09
-1.386229015741598467e-05 5.425742602588379992e-05 -2.895041469903830527e-06 3.494115052231962422e-09 -4.040740639464169568e-09 -5.025602472797362019e-09 1.676997254415827446e-09 3.500505748473749439e-09
-4.742069973837619988e-05 1.729882763776576486e-05 -7.848505118118466073e-07 -2.156696839548253706e-09 3.933224290980306708e-09 4.988808286560777705e-09 -1.605873944235907268e-09 -3.637608535051041182e-09
-5.781954022112829861e-05 -1.097717017447713040e-05 -1.910289094580867704e-07 1.364496047381091561e-09 -3.850557693050162165e-09 -4.963897768271579624e-09 1.541434025365239492e-09 3.775735777407159202e-09
-2.385448762741712578e-05 -1.776394892696986808e-05 -2.347240433337284816e-08 -8.359067157299980663e-10 3.786894719663988766e-09 4.949129498212205542e-09 -1.482856421025103594e-09 -3.915463235848949192e-09
3.087230055285045528e-05 -1.225352650804162711e-05 8.969057768752197876e-09 4.539650316161994777e-10 -3.738180508694449679e-09 -4.943172708480732545e-09 1.429460668091961331e-09 4.057351575237499622e-09
5.895433588826557065e-05 -5.609447815617770293e-06 -4.903268845792191585e-09 -1.617715424829482365e-10 3.701518238379589856e-09 4.944999189667884187e-09 -1.380678613942170792e-09 -4.201956375740568926e-09
4.329133481460891537e-05 -1.888978061182650557e-06 3.078153493560056524e-09 -7.159131372164244476e-11 -3.674786899564647118e-09 -4.953808375237867963e-09 1.336032828078700539e-09 4.349837316885876750e-09
9.369693657370092006e-06 -4.779696236544432183e-07 -2.044981257093035795e-09 2.643532098236023403e-10 3.656401357937598197e-09 4.968974283673509199e-09 -1.295119949414820955e-09 -4.501566934006245780e-09
-1.243971351753687775e-05 -1.187991730577359191e-07 1.375685586250775370e-09 -4.279597923526012691e-10 -3.645156679257482926e-09 -4.990007324226952354e-09 1.257597718254884713e-09 4.657739288463406989e-09
-1.551720183863324390e-05 1.035304987075289693e-10 -9.024332771756829809e-10 5.699650445381058613e-10 3.640124128702500241e-09 5.016526415103302140e-09 -1.223174801144907619e-09 -4.818978829713339110e-09
-9.758334985430191499e-06 9.280682029350251278e-10 5.466040620834970946e-10 -6.955615479418423934e-10 -3.640579903431870023e-09 -5.048238311491991927e-09 1.191602737263861177e-09 4.985949768635320054e-09
-4.195044999626047065e-06 -5.928006607041035858e-10 -2.665962498639059213e-10 8.084418110152324217e-10 3.645955268332339689e-09 5.084922203098588519e-09 -1.162669529238394392e-09 -5.159366299876807370e-09
-1.334237382818650932e-06 2.995385874516573380e-10 3.835810089533293997e-11 -9.113084077435624199e-10 -3.655800913540842825e-09 -5.126418138070765987e-09 1.136194552431666554e-09 5.340003971786437432e-09
-3.271426948530675623e-07 -8.549364924137978130e-11 1.529834482231266433e-10 1.006189310793300167e-09 3.669761099996372700e-09 5.172618287350009762e-09 -1.112024471969507433e-09 -5.528712636570886170e-09
-7.850283570942463168e-08 -7.376138542518814480e-11 -3.171251922704628681e-10 -1.094639992963927942e-09 -3.687554614774596729e-09 -5.223460406101718671e-09 1.090030001718435058e-09 5.726431482805005874e-09
6.915076923534816140e-09 1.968124622694156752e-10 4.606652782931019878e-10 1.177877092541364091e-09 3.708960529779687955e-09 5.278922969934489365e-09 -1.070103356768301229e-09 -5.934206679597137007e-09
-1.954839522805156995e-09 -2.953159780829371212e-10 -5.882548971453056360e-10 -1.256869276343759661e-09 -3.733807521591755304e-09 -5.339021642910015088e-09 1.052156269892195561e-09 6.153212414135469078e-09
7.013637397716165275e-10 3.765906224378423620e-10 7.032719024224871162e-10 1.332400467821157975e-09 3.761965715846039944e-09 5.403806831455166123e-09 -1.036118504467180702e-09 -6.384776280018476654e-09
-1.820363226499282751e-10 -4.453783503575963908e-10 -8.082328283179685517e-10 -1.405114857695663058e-09 -3.793340468780549949e-09 -5.473362148645461215e-09 1.021936815347413859e-09 6.630410198859966983e-09
-9.626514817585174620e-11 5.048617540257337632e-10 9.050546367103291559e-10 1.475549534296348093e-09 3.827867643481762605e-09 5.547803644628389746e-09 -1.009574310553384272e-09 -6.891848500037204387e-09
2.703478214628874318e-10 -5.572484921472166392e-10 -9.952264843788827355e-10 -1.544158551890860562e-09 -3.865509962761745600e-09 -5.627279740434602048e-09 9.990101892976008910e-10 7.171095329120126597e-09
-3.909882790080324993e-10 6.041157883664293810e-10 1.079925675324449062e-09 1.611331023989357524e-09 3.906254285418484517e-09 5.711971816265293509e-09 -9.902398904193414976e-10 -7.470484243614488007e-09
4.809000628384954208e-10 -6.466202212512940358e-10 -1.160097895446993500e-09 -1.677404865423973985e-09 -3.950109587799080999e-09 -5.802095407371515397e-09 9.832756401061758239e-10 7.792753919737533614e-09
-5.516458780024714232e-10 6.856297096104083640e-10 1.236513974084518611e-09 1.742677437288065195e-09 3.997105506974200326e-09 5.897902043918183812e-09 -9.781474337032533839e-10 -8.141145473093583153e-09
6.096960684530039668e-10 -7.218090572244550762e-10 -1.309810817372707265e-09 -1.807413889778748859e-09 -4.047291392504059533e-09 -5.999681747921218447e-09 9.749045595025656948e-10 8.519529031993491490e-09
-6.589424330364703967e-10 7.556769291178323430e-10 1.380521472916194684e-09 1.871853761790069823e-09 4.100735766923019253e-09 6.107766229235830129e-09 -9.736177177639475542e-10 -8.932570459611875979e-09
7.018629633139151246e-10 -7.876447861163989336e-10 -1.449097574365936843e-09 -1.936216347372482533e-09 -4.157526158678636946e-09 -6.222532873324431625e-09 9.743818661554377620e-10 9.385954118295841249e-09
-7.401099336167137831e-10 8.180440563336622367e-10 1.515926312534265977e-09 2.000705044473974718e-09 4.217769278014944066e-09 6.344409627693318168e-09 -9.773200181929955983e-10 -9.886685078520328061e-09
7.748279913497201611e-10 -8.471454792099786590e-10 -1.581343501028348787e-09 -2.065510972000852929e-09 -4.281591524451234286e-09 -6.473880909827515165e-09 9.825882238203774444e-10 1.044350607883523950e-08
-8.068361743693794193e-10 8.751731599864995877e-10 1.645643727119896059e-09 2.130816053834756661e-09 4.349139808198656554e-09 6.611494725143495718e-09 -9.903820747302703465e-10 -1.106748374207785002e-08
8.367370821739124034e-10 -9.023149296618981958e-10 -1.709088334314385420e-09 -2.196795626539040620e-09 -4.420582699251809845e-09 -6.757871249974278340e-09 1.000945266832340965e-09 1.177285026440675824e-08
-8.649850145162723788e-10 9.287300934499667917e-10 1.771911822863162623e-09 2.263620752805223730e-09 4.496111934434374449e-09 6.913713129202484346e-09 -1.014580926909662777e-09 -1.257824086760966778e-08
8.919299812344683754e-10 -9.545553291573427764e-10 -1.834326977533955806e-09 -2.331460293317117073e-09 -4.575944280633132994e-09 -7.079817892498381137e-09 1.031666671804192243e-09 1.350856282401024076e-08
-9.178469797766158209e-10 9.799092303132862435e-10 1.896529081343124492e-09 2.400482785855893153e-09 4.660323819883961810e-09 7.257092990720452902e-09 -1.052674898414813983e-09 -1.459790712183292232e-08
9.429559925608158729e-10 -1.004895825041688690e-09 -1.958699399829031366e-09 -2.470858226340125794e-09 -4.749524708188878170e-09 -7.446574022331205050e-09 1.078200470162665154e-09 1.589425012941490512e-08
-9.674359645795120796e-10 1.029607372668815935e-09 2.021008076136374563e-09 2.542759772019022997e-09 4.843854454667769598e-09 7.649446986460553633e-09 -1.108998995144168033e-09 -1.746737261535029155e-08
9.914347695101253486e-10 -1.054126593631832295e-09 -2.083616637215909627e-09 -2.616365420081744884e-09 -4.943657831819219064e-09 -7.867075623815722147e-09 1.146040687237443068e-09 1.942288474123879422e-08
-1.015076464734630372e-09 1.078528440280380599e-09 2.146680115790851326e-09 2.691859694684295180e-09 5.049321523043246940e-09 8.101035191994309972e-09 -1.190587578379150441e-09 -2.192862339529503282e-08
1.038466649300725705e-09 -1.102881581032647963e-09 -2.210348922418383362e-09 -2.769435393750468993e-09 -5.161279631059055874e-09 -8.353154519019436652e-09 1.244306555645384796e-09 2.526821798323408298e-08
-1.061696490509794764e-09 1.127249600423178867e-09 2.274770547338108969e-09 2.849295418000867354e-09 5.280020227886190530e-09 8.625568820669121431e-09 -1.309438871442328892e-09 -2.996064973403047038e-08
1.084845796988306876e-09 -1.151691992999038803e-09 -2.340091061056913172e-09 -2.931654720030795768e-09 -5.406093182181856775e-09 -8.920786605886239485e-09 1.389061374937714936e-09 3.706236422522798122e-08
-1.107985390453503586e-09 1.176265037103807766e-09 2.406456543633650032e-09 3.016742443116834931e-09 5.540119505107051503e-09 9.241775251756554059e-09 -1.487501808482084781e-09 -4.906911448869398219e-08
1.131178966697931368e-09 -1.201022504245543398e-09 -2.474014438897848163e-09 -3.104804255391923036e-09 -5.682802579965641167e-09 -9.592071676888645309e-09 1.611023191121114310e-09 7.329327704714304031e-08
-1.154484568774756520e-09 1.226016301248946700e-09 2.542914844509113630e-09 3.196104960029828469e-09 5.834941744370632530e-09 9.975927157251278893e-09 -1.768999887640896938e-09 -1.376733458421520246e-07
1.177955781743476446e-09 -1.251297030941951111e-09 -2.613311813538147552e-09 -3.290931444425561584e-09 -5.997448758268860349e-09 -1.039849924776029536e-08 1.976040948308451242e-09 -1.621150198496976053e-06
-1.201642692935399904e-09 1.276914478608715079e-09 2.685364660460179596e-09 3.389596021731332048e-09 6.171367921831709368e-09 1.086610981322438932e-08 -2.256057373633223991e-09 -6.667601904682578576e-06
1.225592692146506489e-09 -1.302918090316625151e-09 -2.759239301963220810e-09 -3.492440262468493382e-09 -6.357900838523377301e-09 -1.138659744737307576e-08 2.650635985763955126e-09 -2.529612692105230479e-05
-1.249851153587084169e-09 1.329357377091646160e-09 2.835109668131159654e-09 3.599839431564257675e-09 6.558437083685833852e-09 1.196980726491395850e-08 -3.237903127047167295e-09 -7.187212585858704004e-05
1.274461987861925819e-09 -1.356282321722824679e-09 -2.913159207838212164e-09 -3.712207642220679448e-09 -6.774592496073301091e-09 -1.262828508478366245e-08 4.180215305321657388e-09 -1.487417600604362786e-04
-1.299468150039929756e-09 1.383743778724211534e-09 2.993582508423850904e-09 3.830003881735628541e-09 7.008257434041345027e-09 1.337828318818287795e-08 -5.864713840738725899e-09 -1.985836093558662817e-04
1.324912074364593321e-09 -1.411793834024874376e-09 -3.076587069091835095e-09 -3.953739138121007883e-09 -7.261658156408457879e-09 -1.424125425401273331e-08 9.416456000831494707e-09 -8.948814702475289449e-05
-1.350836049900502831e-09 1.440486202112178278e-09 3.162395271884546544e-09 4.083984835036779681e-09 7.537435665265569233e-09 1.524613458884267975e-08 -1.928125671868829951e-08 2.575482268117174327e-04
1.377282596936298607e-09 -1.469876612742819128e-09 -3.251246568949181327e-09 -4.221382896975219547e-09 -7.838748177423472397e-09 -1.643295037436597363e-08 6.571431775000417219e-08 6.500189065113542997e-04
-1.404294783110207489e-09 1.500023206136573732e-09 3.343399954016260733e-09 4.366657871839766436e-09 8.169405946864836349e-09 1.785873655536972818e-08 -9.617260269053060681e-07 6.724981488313189031e-04
1.431916545585640119e-09 -1.530986965315777159e-09 -3.439136774022417254e-09 -4.520631576023772510e-09 -8.534051010567710665e-09 -1.960770326308513850e-08 -3.921197605758824135e-06 1.577021641136481698e-04
-1.460193005536570295e-09 1.562832162832389022e-09 3.538763932541577594e-09 4.684240937523548629e-09 8.938400477299266194e-09 2.180967920910298208e-08 -1.590234454152826045e-05 -4.954248148603336739e-04
1.489170751645643123e-09 -1.595626846837137646e-09 -3.642617580611630946e-09 -4.858559923020215787e-09 -9.389581285750251152e-09 -2.467589109549840247e-08 -4.918204985276410611e-05 -7.282174101107783152e-04
-1.518898168399978661e-09 1.629443369721508170e-09 3.751067399616390805e-09 5.044826660732123344e-09 9.896599325946839856e-09 2.857447434511164693e-08 -1.124612814060880540e-04 -4.522513679048003514e-04
1.549425737504187788e-09 -1.664358972328373002e-09 -3.864521578967961715e-09 -5.244477270638502480e-09 -1.047101055348045423e-08 -3.420820428229144772e-08 -1.744096430370045475e-04 -4.077172092005945507e-05
-1.580806354480529376e-09 1.700456424000717882e-09 3.983432648014321282e-09 5.459188485097045882e-09 1.112790360897860499e-08 4.309908366271173978e-08 -1.312087579061560830e-04 1.777323928298018619e-04
1.613095691866000114e-09 -1.737824740588112929e-09 -4.108304367472047743e-09 -5.690931840230171525e-09 -1.188737700306741921e-08 -5.921714369952212249e-08 1.229825757931537664e-04 1.812327795605174865e-04
-1.646352545480010708e-09 1.776559996355585235e-09 4.239699879231235744e-09 5.942043280440149854e-09 1.277682808732650675e-08 9.654522964082438311e-08 4.995501307448731252e-04 1.041855596021514077e-04
1.680639229225512014e-09 -1.816766226514122223e-09 -4.378251428927904250e-09 -6.215313635955632534e-09 -1.383462674871594150e-08 -2.419229301776251642e-07 6.520787953725535723e-04 4.195704356206929428e-05
-1.716022010701204412e-09 1.858556466398815057e-09 4.524672056150545783e-09 6.514107676116025921e-09 1.511625972140575961e-08 -1.615882259972567442e-06 3.141735631140253008e-04 1.257735891094970888e-05
1.752571565259310493e-09 -1.902053934016023907e-09 -4.679769689422064546e-09 -6.842522899824082421e-09 -1.670512441209098138e-08 -6.742505010388991828e-06 -2.958067879831553630e-04 3.003257186250635378e-06
-1.790363491386493305e-09 1.947393378811792268e-09 4.844464296202320506e-09 7.205604533148745856e-09 1.873265368269889894e-08 -2.450714229509767578e-05 -6.491126755244366019e-04 6.744870196182890389e-07
1.829478884382916925e-09 -1.994722648445244071e-09 -5.019808906150254861e-09 -7.609641512875588868e-09 -2.141870751604352118e-08 -6.652931291092180962e-05 -5.103608753619727533e-04 -1.474656675731267796e-07
-1.870004964398384143e-09 2.044204498580769641e-09 5.207015549478137442e-09 8.062581525132709711e-09 2.516060221346535393e-08 -1.300755800605941795e-04 -1.347382136238594566e-04 7.440043438455743529e-08
1.912035782824890619e-09 -2.096018697279924053e-09 -5.407487534188664226e-09 -8.574625134070037783e-09 -3.075506058288772679e-08 -1.582919890085184391e-04 1.264908403974392647e-04 -4.960720273970188895e-08
-1.955673028572709969e-09 2.150364489746230863e-09 5.622859982299526196e-09 9.159096392335040487e-09 4.005362903113514448e-08 -4.073209700126741303e-05 1.754012074123956048e-04 3.752685551588847964e-08
2.001026922469856254e-09 -2.207463500483327448e-09 -5.855051208433218770e-09 -9.833752814197775541e-09 -5.844303145456459460e-08 2.627069172881658097e-04 1.148837937373694689e-04 -3.041632017794062700e-08
-2.048217237812447556e-09 2.267563155194786628e-09 6.106328486624078265e-09 1.062281737344756182e-08 1.088801653734170780e-07 5.560222206529901118e-04 5.078950059358640389e-05 2.572719730327255915e-08
2.097374474500197979e-09 -2.330940748520797215e-09 -6.379393203044018882e-09 -1.156024375804988488e-08 -4.115455593779001890e-07 5.045272503193909235e-04 1.657982765189649596e-05 -2.239359981788247028e-08
-2.148641182398541728e-09 2.397908315946222744e-09 6.677492449519790037e-09 1.269518539724073895e-08 -1.952057722944508724e-06 3.987754615772485123e-05 4.113832842011289915e-06 1.989449339007006843e-08
2.202173492651529617e-09 -2.468818478451525764e-09 -7.004567163226109960e-09 -1.410161944682384956e-08 -8.200417440154040595e-06 -4.598462773331393923e-04 1.011280578681053472e-06 -1.794579329223883164e-08
-2.258142887956647653e-09 2.544071511308733929e-09 7.365451704832523307e-09 1.589632769347634657e-08 -2.799017807277418576e-05 -5.759602732553479633e-04 -5.014751370533255444e-08 1.637959860574446448e-08
2.316738239061499098e-09 -2.624123971109383139e-09 -7.766147063951988802e-09 -1.827507805060297075e-08 -7.119275432576103947e-05 -3.119528515567639030e-04 1.042216202734423125e-08 -1.509033204768710268e-08
-2.378168180098993695e-09 2.709499263925061562e-09 8.214201560152469598e-09 2.159263445132405838e-08 -1.278936707353662454e-04 7.967334497943831054e-06 -3.316129082165334513e-09 1.400826467835440269e-08
2.442663888155047758e-09 -2.800800697626503979e-09 -8.719252017611503530e-09 -2.656307914436430163e-08 -1.336659690906076624e-04 1.531871010954776065e-04 1.167506533891032873e-09 -1.308547050014426242e-08
-2.510482335887596188e-09 2.898727769760172806e-09 9.293810490496245186e-09 3.485486529218323106e-08 1.059232206081435715e-05 1.383378487525758582e-04 -3.185166710617390548e-10 1.228790321801500063e-08
2.581910124701382286e-09 -3.004096630489984239e-09 -9.954437402167260980e-09 -5.136237032746281740e-08 3.039945828860329824e-04 7.466340827133851666e-05 -7.264362255875626867e-11 -1.159069485514265188e-08
-2.657268042474240958e-09 3.117866031702269876e-09 1.072354251165325795e-08 9.724484952350511623e-08 5.235630284092731993e-04 2.867604481835312816e-05 2.702049309433834077e-10 1.097524540585813891e-08
2.736916478267555541e-09 -3.241170615415591500e-09 -1.163224430937197420e-08 -3.822633546254395728e-07 3.871712236916894224e-04 8.213094375238881722e-06 -3.753054737365544316e-10 -1.042735515889376774e-08
-2.821261907635186442e-09 3.375364057296925243e-09 1.272509202105792663e-08 -1.790001113727317045e-06 -7.507858528269511372e-05 1.955712260346243960e-06 4.323338217637446454e-10 9.935988395621211935e-09
2.910764728873179171e-09 -3.522075652515868344e-09 -1.406823604327989763e-08 -7.514290473218985814e-06 -4.713601405143668928e-04 3.768926108466698614e-07 -4.628056523121779372e-10 -9.492432630024664869e-09
-3.005948749267151851e-09 3.683285555930140358e-09 1.576438366342985506e-08 -2.553369143283067616e-05 -4.861368189734180216e-04 -1.166724265407613689e-07 4.779587252135474064e-10 9.089713130040261900e-09
3.107412769173508697e-09 -3.861426271606860898e-09 -1.798213806568029740e-08 -6.463493134627183755e-05 -2.112864221341886439e-04 6.571119179862774394e-08 -4.840105394635095692e-10 -8.722176573696900927e-09
-3.215844847273196864e-09 4.059521746133793590e-09 2.101880858654228066e-08 -1.153811759365424737e-04 5.121560349638040895e-05 -4.591968514418078271e-08 4.845596942141490693e-10 8.385189366113826030e-09
3.332039974799379746e-09 -4.281381442335229055e-09 -2.545108419428538413e-08 -1.191217803060753695e-04 1.433913680479960342e-04 3.558087944571245974e-08 -4.817643017478419657e-10 -8.074915335889800738e-09
-3.456922161178458779e-09 4.531876558036672597e-09 3.255688286327959545e-08 1.281875703333406585e-05 1.123706884958243951e-04 -2.923836077730511474e-08 4.769551074996110666e-10 7.788149448954328381e-09
3.591572302857811973e-09 -4.817341993635908992e-09 -4.579065346135761904e-08 2.770170134217537876e-04 5.585197752833528668e-05 2.494128627143615815e-08 -4.709703583107350918e-10 -7.522191673278487189e-09
-3.737263684003146190e-09 5.146176264606857511e-09 7.810726116321437464e-08 4.706449675490054761e-04 2.011190670630417891e-05 -2.182847884651962095e-08 4.643462828361473186e-10 7.274750087231919197e-09
3.895507651141292522e-09 -5.529762922086922009e-09 -2.223306997220597482e-07 3.424839824227012756e-04 5.414387179055394648e-06 1.946273395396930628e-08 -4.574292592466127418e-10 -7.043865628635579403e-09
-4.068113094963868090e-09 5.983933198002984397e-09 -1.285432360568969052e-06 -7.440897543908696213e-05 1.306598112825808678e-06 -1.759890574504778203e-08 4.504438532652882660e-10 6.827853007208519501e-09
4.257264882274623501e-09 -6.531378288567760627e-09 -5.384565949054589701e-06 -4.259389380803729839e-04 1.559355128462014032e-07 1.608895192214853073e-08 -4.435351438916091369e-10 -6.625253843739576628e-09
-4.465628678143764858e-09 7.205809860544646894e-09 -1.918127776932414150e-05 -4.335861389422242815e-04 -7.094976808803532601e-08 -1.483817765233527791e-08 4.367956374856408024e-10 6.434799196067874435e-09
4.696493214424639773e-09 -8.059525039692680082e-09 -5.098587888554058530e-05 -1.851376387750591193e-04 4.529456244320251420e-08 1.378316641870605280e-08 -4.302827144025759205e-10 -6.255379343437219912e-09
-4.953966645381345412e-09 9.178053089383758793e-09 -9.704181436332451815e-05 4.847041073100574055e-05 -3.351235378094461696e-08 -1.287982607225108419e-08 4.240301296443757120e-10 6.086019202087377241e-09
5.243252659595703403e-09 -1.071069982476075433e-08 -1.127509278853159350e-04 1.287943420015435136e-04 2.680482804475693530e-08 1.209652861579217260e-08 -4.180556780305431285e-10 -5.925858198926554373e-09
-5.571046994367169673e-09 1.293982855965652914e-08 -1.780068214635309153e-05 1.000047409797446033e-04 -2.247341815392965939e-08 -1.140998042200297415e-08 4.123663856574651945e-10 5.774133703803499433e-09
5.946120520415844350e-09 -1.644967075872970204e-08 2.078006485961404011e-04 4.942495098525563776e-05 1.943810451105035905e-08 1.080263409681004416e-08 -4.069620644414883799e-10 -5.630167260205737192e-09
-6.380200128873548246e-09 2.248104303774424977e-08 4.096070674581123758e-04 1.771599804465667370e-05 -1.718636909573004342e-08 -1.026100984894935062e-08 4.018377331813301220e-10 5.493353097168287808e-09
6.889341433143091603e-09 -3.016070404946289212e-08 3.488741866097828503e-04 4.749569959778543765e-06 1.544461869011503903e-08 9.774573997941157091e-09 -3.969853038321510117e-10 -5.363148512637131837e-09
-7.496146352266560165e-09 -7.491289323945225117e-07 -3.632132053046584948e-07 1.147304443658255489e-06 -1.405368634905560103e-08 -9.334970052690825243e-09 3.923947603699270441e-10 5.239065735842959402e-09
8.233500577832318043e-09 -3.057828375844076684e-06 -3.492801830360700143e-04 1.298924145188028385e-07 1.291470218953992185e-08 8.935479373411482816e-09 -3.880549674752060061e-10 -5.120665034363950396e-09
-9.151199319403545566e-09 -1.187673213481489062e-05 -4.094260099006627072e-04 -6.103275761201852747e-08 -1.196299930837390248e-08 -8.570635160011694303e-09 3.839542221514451610e-10 5.007548858394483821e-09
1.032843761738661726e-08 -3.466528057289017847e-05 -2.073518796882597775e-04 3.946217680068429975e-08 1.115448181094666823e-08 8.235941118216265267e-09 -3.800806568858172861e-10 -4.899356815566901515e-09
-1.189922234278723498e-08 -7.411053977870684620e-05 1.809815003685496141e-05 -2.941938940175150728e-08 -1.045802977627868314e-08 -7.927663062661806708e-09 3.764225018629861530e-10 4.795761354819007432e-09
1.410935765108647179e-08 -1.040576031435626515e-04 1.127977884503270111e-04 2.366163019413598260e-08 9.851038579556147512e-09 7.642672288409714772e-09 -3.729682499071691552e-10 -4.696464055956651029e-09
-1.746175583991788947e-08 -5.756234914136088487e-05 9.696601070956407421e-05 -1.992735995328127507e-08 -9.316681215142635575e-09 -7.378326244776068787e-09 3.697067850397493962e-10 4.601192408279916890e-09
2.315904233897280419e-08 1.144605492310978967e-04 5.091244816767046525e-05 1.730262688569311193e-08 8.842164226285748554e-09 7.132376511587727378e-09 -3.666274516834303871e-10 -4.509697007362338954e-09
-3.485632506129030378e-08 3.268226764846477546e-04 1.914281450684367935e-05 -1.535106460946064370e-08 -8.417580471953637266e-09 -6.902897062324264973e-09 3.637200863181519875e-10 4.421749124984679465e-09
6.934742141790126463e-08 3.643443288011969424e-04 5.371769528215925183e-06 1.383875430073807520e-08 8.035133221036327871e-09 6.688227748790092718e-09 -3.609750448835650032e-10 -4.337138573926634036e-09
-3.184463788467524598e-07 1.156829181758776764e-04 1.281783219749275562e-06 -1.262919459101767811e-08 -7.688598425569540338e-09 -6.486929342173044426e-09 3.583832035051455274e-10 4.255671832148301511e-09
-1.418783158364470836e-06 -2.341545669793653481e-04 2.216695954175515210e-07 1.163739767155647445e-08 7.372943946311800581e-09 6.297747471751512546e-09 -3.559359490470536732e-10 -4.177170402686005669e-09
-5.940304484624134819e-06 -3.836581684923440379e-04 -7.849036571043939240e-08 -1.080767457749714079e-08 -7.084054710545304600e-09 -6.119583470741997166e-09 3.536251646357126747e-10 4.101469358664756314e-09
-1.981462400151377389e-05 -2.572462761891151808e-04 4.630023449750411285e-08 1.010199515607564756e-08 6.818530878840262401e-09 5.951470601137587695e-09 -3.514432155135781714e-10 -4.028416055366508774e-09
-4.919445282270897999e-05 -3.853742842365843427e-05 -3.310158323530034990e-08 -9.493487403998453003e-09 -6.573537303543541237e-09 -5.792554537031763059e-09 3.493829224742348523e-10 3.957868989543392529e-09
-8.555810519579605370e-05 8.822386884222222013e-05 2.601050168508932376e-08 8.962612126451824176e-09 6.346689681205319149e-09 5.642077267280832808e-09 -3.474375372131347794e-10 -3.889696793397297663e-09
-8.387064634819960715e-05 9.779720840595902014e-05 -2.158622633954932145e-08 -8.494811407785384618e-09 -6.135967334963080527e-09 -5.499363691164205860e-09 3.456007280657916528e-10 3.823777316023346428e-09
1.932275735652639603e-05 5.848220798296788431e-05 1.855479473603858056e-08 8.079008497099929731e-09 5.939645593082584773e-09 5.363810410255175164e-09 -3.438665441976750144e-10 -3.759996823411094056e-09
2.135641804676652431e-04 2.424194485963260923e-05 -1.634098125541985151e-08 -7.706619894904781229e-09 -5.756242826163715362e-09 -5.234876328393110680e-09 3.422293987817648219e-10 3.698249285021990331e-09
3.437414458664284685e-04 7.466279796940207384e-06 1.464811605313323573e-08 7.370886530362439960e-09 5.584478548502178659e-09 5.112074688051078636e-09 -3.406840493614362693e-10 -3.638435695784706184e-09
2.337311596879654762e-04 1.796930281580981537e-06 -1.330791119301236921e-08 -7.066409828597686984e-09 -5.423239942116242047e-09 -4.994966311352938338e-09 3.392255683340702821e-10 3.580463522260129395e-09
-7.459427384250755971e-05 4.236195092309270124e-07 1.221782979151946904e-08 6.788822939539529645e-09 5.271554906105274073e-09 4.883153846194394316e-09 -3.378493275223475036e-10 -3.524246166597319142e-09
-3.174881541643287028e-04 -6.957456214948904511e-08 -1.131182063880173364e-08 -6.534553267063264631e-09 -5.128570197640092036e-09 -4.776276827883116718e-09 3.365509800416094731e-10 3.469702472362459845e-09
-3.067551033906266533e-04 3.177661397193337466e-08 1.054539597135348135e-08 6.300647967452060795e-09 4.993533545122438648e-09 4.674007427701776690e-09 -3.353264395449510721e-10 -3.416756331036895802e-09
-1.214680816450121179e-04 -2.022660535611299261e-08 -9.887477538938109022e-09 -6.084643724554661405e-09 -4.865778917695722834e-09 -4.576046791971049910e-09 3.341718582456050404e-10 3.365336261010684189e-09
4.229190135703412830e-05 1.490622107248793041e-08 9.315683305110836795e-09 5.884468215171228101e-09 4.744714344204505850e-09 4.482121865080624221e-09 -3.330836250191076852e-10 -3.315375067437531300e-09
9.373541084722198920e-05 -1.188019549692778068e-08 -8.813472907272791417e-09 -5.698364588107861295e-09 -4.629811744740918325e-09 -4.391982615882977804e-09 3.320583364488667263e-10 3.266809529386776671e-09
7.018955384846088327e-05 9.929861520896763483e-09 8.368349501381940667e-09 5.524832884769667181e-09 4.520598402336703121e-09 4.305399634341080920e-09 -3.310927824838120538e-10 -3.219580082273455979e-09
3.391022321900901055e-05 -8.565807076055606242e-09 -7.970688349756681305e-09 -5.362584144818124141e-09 -4.416649794687908954e-09 -4.222162016669559643e-09 3.301839532371775921e-10 3.173630584146944713e-09
1.193299140900898914e-05 7.555649438481880435e-09 7.612951177793943783e-09 5.210504080560541140e-09 4.317583512670769760e-09 4.142075504370796759e-09 -3.293289989616803272e-10 -3.128908046918028747e-09
3.145278834821145784e-06 -6.775422194699730247e-09 -7.289145700224717753e-09 -5.067624049181510957e-09 -4.223054081312931042e-09 -4.064960857111186789e-09 3.285252342846770807e-10 3.085362416627577001e-09
7.644166677912844596e-07 6.153093740481238802e-09 6.994445388219820792e-09 4.933097673378696570e-09 4.132748544044331618e-09 3.990652407770743958e-09 -3.277701366540402045e-10 -3.042946391590406484e-09
6.506090472231554997e-08 -5.643983375845271078e-09 -6.724916599153759211e-09 -4.806181873112212356e-09 -4.046382670684169711e-09 -3.918996780233053525e-09 3.270613095182209044e-10 3.001615202909306650e-09
-3.481479064580525264e-08 5.218909606107646458e-09 6.477319231946670523e-09 4.686221342348392382e-09 3.963697679400246779e-09 3.849851756226737343e-09 -3.263965007321073173e-10 -2.961326464772409132e-09
2.341624086952741573e-08 -4.858001872199242292e-09 -6.248958739779193720e-09 -4.572635759343783737e-09 -3.884457412967198069e-09 -3.783085272538902092e-09 3.257735800956645511e-10 2.922040015948737841e-09
-1.776517452394035224e-08 4.547255638808152562e-09 6.037574687921357441e-09 4.464909209917544608e-09 3.808445887435015603e-09 3.718574505090758692e-09 -3.251905282610788144e-10 -2.883717760412631185e-09
1.442331234731465143e-08 -4.276511148442476504e-09 -5.841255701516256416e-09 -4.362581355179400153e-09 -3.735465141753224598e-09 -3.656205072108893138e-09 3.246454472045390956e-10 2.846323546934578711e-09
-1.221615823480847731e-08 4.038214206226247977e-09 5.658373764430054250e-09 4.265240021274898461e-09 3.665333376916517548e-09 3.595870321061050308e-09 -3.241365279024126859e-10 -2.809823041152768020e-09
1.064634362151464531e-08 -3.826627577018494507e-09 -5.487532925634151062e-09 -4.172514974406047130e-09 -3.597883315669688702e-09 -3.537470653228868902e-09 3.236620651700721531e-10 2.774183610227163009e-09
-9.469475663722677088e-09 3.637312802439921199e-09 5.327528834127432388e-09 4.084072631101219627e-09 3.532960755386994300e-09 3.480912967545610700e-09 -3.232204480919850656e-10 -2.739374216039975805e-09
8.551970721862653256e-09 -3.466780087336818485e-09 -5.177316506970638393e-09 -3.999611558480955934e-09 -3.470423300818988126e-09 -3.426110126849739124e-09 3.228101373834025723e-10 2.705365323310507892e-09
-7.814774045296944624e-09 3.312245906912943541e-09 5.035984442861990888e-09 3.918858636724089313e-09 3.410139240825566265e-09 3.372980464186376022e-09 -3.224296871463823518e-10 -2.672128803491553752e-09
7.208139023668608124e-09 -3.171461532992274702e-09 -4.902733674541066153e-09 -3.841565758808977516e-09 -3.351986548531541267e-09 -3.321447384593803630e-09 3.220777202386614233e-10 2.639637850293164734e-09
-6.699196336315567998e-09 3.042589364525099790e-09 4.776860665412634447e-09 3.767506981032513868e-09 3.295851991665888319e-09 3.271438949138187095e-09 -3.217529276724533159e-10 -2.607866908974696911e-09
6.265348615902946441e-09 -2.924112185095355996e-09 -4.657743258347306507e-09 -3.696476067906308787e-09 -3.241630355258669027e-09 -3.222887529861573167e-09 3.214540732089808529e-10 2.576791593608481539e-09
-5.890540487069239243e-09 2.814765554225416845e-09 4.544829073162452210e-09 3.628284358498510221e-09 3.189223723084677998e-09 3.175729497657199924e-09 -3.211799776992528938e-10 -2.546388627502508704e-09
5.563043865323391642e-09 -2.713486702816726679e-09 -4.437625838758491015e-09 -3.562758894395691570e-09 -3.138540847352924910e-09 -3.129904905196204293e-09 3.209295238433634832e-10 2.516635777970200030e-09
-5.274086374542859064e-09 2.619375399903778513e-09 4.335693303960922687e-09 3.499740803811379016e-09 3.089496600692864972e-09 3.085357247712390384e-09 -3.207016478085989459e-10 -2.487511795308034676e-09
5.016970879778602304e-09 -2.531663660707387170e-09 -4.238636443764513876e-09 -3.439083870636042491e-09 -3.042011438152165911e-09 -3.042033199953411819e-09 3.204953409213971594e-10 2.458996362322949193e-09
-4.786492541517983776e-09 2.449692023342376240e-09 4.146099704316023182e-09 3.380653275815638252e-09 2.996010959497120523e-09 2.999882390800182556e-09 -3.203096407704235138e-10 -2.431070040268890500e-09
4.578542329342601547e-09 -2.372890776781010333e-09 -4.057762113619751404e-09 -3.324324496314783131e-09 -2.951425498470722778e-09 -2.958857219314721683e-09 3.201436326006046971e-10 2.403714223554467001e-09
-4.389830891121403754e-09 2.300764995549121207e-09 3.973333113780882487e-09 3.269982323506944195e-09 2.908189724182391500e-09 2.918912640558329934e-09 -3.199964487055940562e-10 -2.376911091187055372e-09
4.217692167658726580e-09 -2.232882495653200434e-09 -3.892548987302136384e-09 -3.217519995437033379e-09 -2.866242333209965417e-09 -2.880006009072412146e-09 3.198672566927635260e-10 2.350643570996540096e-09
-4.059941098144049774e-09 2.168864051926726927e-09 3.815169773504823583e-09 3.166838421219877359e-09 2.825525721842588885e-09 2.842096920473928033e-09 -3.197552698600937337e-10 -2.324895297105464105e-09
3.914768765846733814e-09 -2.108375410601596607e-09 -3.740976614365625217e-09 -3.117845503691638164e-09 -2.785985710763236997e-09 -2.805147054335993780e-09 3.196597356010656933e-10 2.299650569238590452e-09
-3.780663943259064137e-09 2.051120725456225748e-09 3.669769450098740617e-09 3.070455513441157188e-09 2.747571303455220950e-09 2.769120050291211482e-09 -3.195799354338882500e-10 -2.274894329178808428e-09
3.656353597990078501e-09 -1.996837107957076526e-09 -3.601365005217236161e-09 -3.024588540983591683e-09 -2.710234429982331157e-09 -2.733981378369416545e-09 3.195151874560948715e-10 2.250612119314899528e-09
-3.540757199014273700e-09 1.945290093017303616e-09 3.535595042834615096e-09 2.980170017797651620e-09 2.673929763859127452e-09 2.699698226545775930e-09 -3.194648388814897912e-10 -2.226790052602341987e-09
3.432951203647971749e-09 -1.896269846043710586e-09 -3.472304828682479441e-09 -2.937130247884365897e-09 -2.638614511020110028e-09 -2.666239389490703304e-09 3.194282671224258490e-10 2.203414790797897572e-09
-3.332141185806488523e-09 1.849587958315255429e-09 3.411351778210341682e-09 2.895404027455003186e-09 2.604248229404741136e-09 2.633575177473014878e-09 -3.194048785483036888e-10 -2.180473513467189308e-09
3.237639744312248125e-09 -1.805074738520219249e-09 -3.352604272321462516e-09 -2.854930285755503047e-09 -2.570792689337194817e-09 -2.601677321363680558e-09 3.193941068687116969e-10 2.157953889966338854e-09
-3.148848819782476371e-09 1.762576910911714764e-09 3.295940607455355989e-09 2.815651737334571557e-09 2.538211698323805953e-09 2.570518883025693821e-09 -3.193954094174740577e-10 -2.135844059672552935e-09
3.065245431334807757e-09 -1.721955646991325091e-09 -3.241248062211391879e-09 -2.777514615554189338e-09 -2.506470978504296310e-09 -2.540074188198183646e-09 3.194082690041090079e-10 2.114132612727466214e-09
-2.986370094871564500e-09 1.683084872973961344e-09 3.188422070126688869e-09 2.740468385056198124e-09 2.475538043078052662e-09 2.510318742914842456e-09 -3.194321926005402860e-10 -2.092808559981731850e-09
2.911817330912254358e-09 -1.645849818290488041e-09 -3.137365492880732028e-09 -2.704465501562860244e-09 -2.445382069362225142e-09 -2.481229168681166337e-09 3.194667060320987773e-10 2.071861319204038017e-09
-2.841227833208785147e-09 1.610145758628206981e-09 3.087987950436525514e-09 2.669461203369820463e-09 2.415973800993429702e-09 2.452783143047722369e-09 -3.195113578897651414e-10 -2.051280698346320154e-09
2.774281988795708193e-09 -1.575876916995450546e-09 -3.040205239411514846e-09 -2.635413285635375372e-09 -2.387285444864379820e-09 -2.424959334939032967e-09 3.195657166350447511e-10 2.031056870958609406e-09
-2.710694462189697100e-09 1.542955520603091712e-09 2.993938816792666131e-09 2.602281940773318531e-09 2.359290583419386112e-09 2.397737351525979503e-09 -3.196293687972495046e-10 -2.011180365493381750e-09
2.650209644555835509e-09 -1.511300966109930592e-09 -2.949115303630672309e-09 -2.570029577071352831e-09 -2.331964083032743831e-09 -2.371097688929079928e-09 3.197019175521219464e-10 1.991642045768496978e-09
-2.592597826785785388e-09 1.480839088926212348e-09 2.905666080129570676e-09 2.538620657495031695e-09 2.305282023823839279e-09 2.345021682119063303e-09 -3.197829853293213499e-10 -1.972433098753783893e-09
2.537651952236470578e-09 -1.451501527282441400e-09 -2.863526898432545451e-09 -2.508021580245284071e-09 -2.279221625008420714e-09 -2.319491457626321801e-09 3.198722105869290787e-10 1.953545018325613441e-09
-2.485184843155856109e-09 1.423225154832470575e-09 2.822637518569195296e-09 2.478200526130495899e-09 2.253761169437482774e-09 2.294489897510727718e-09 -3.199692434166560868e-10 -1.934969591571538962e-09
2.435026836605865777e-09 -1.395951581390643772e-09 -2.782941420106773741e-09 -2.449127349710869545e-09 -2.228879954974453939e-09 -2.270000595706372623e-09 3.200737534992944907e-10 1.916698889801607788e-09
-2.387023756487738276e-09 1.369626709299657588e-09 2.744385497907983804e-09 2.420773473426018787e-09 2.204558225264074038e-09 2.246007818620714368e-09 -3.201854222535400749e-10 -1.898725249759759715e-09
2.341035150525005453e-09 -1.344200345472050424e-09 -2.706919808933132821e-09 -2.393111775495535748e-09 -2.180777117208491649e-09 -2.222496478089970237e-09 3.203039427493600639e-10 1.881041269564794659e-09
-2.296932776664555713e-09 1.319625842464557751e-09 2.670497345641574407e-09 2.366116505199905293e-09 2.157518616825947791e-09 2.199452093216947479e-09 -3.204290240251194630e-10 -1.863639793484270942e-09
2.254599290024828644e-09 -1.295859789943828445e-09 -2.635073802553899929e-09 -2.339763193089707913e-09 -2.134765504173485884e-09 -2.176860758449052835e-09 3.205603846326095260e-10 1.846513899981273115e-09
-2.213927081031919234e-09 1.272861741791189289e-09 2.600607402662524175e-09 2.314028573065100968e-09 2.112501313329770204e-09 2.154709120142277242e-09 -3.206977560462182112e-10 -1.829656898625985496e-09
2.174817278391725581e-09 -1.250593946314098429e-09 -2.567058704811831657e-09 -2.288890504439916440e-09 -2.090710291563257165e-09 -2.132984347657550186e-09 3.208408797096980604e-10 1.813062313695704936e-09
-2.137178868481670269e-09 1.229021140132900289e-09 2.534390437123830422e-09 2.264327909179638015e-09 2.069377360464882503e-09 2.111674104423216879e-09 -3.209895085163510006e-10 -1.796723878532183194e-09
2.100927910046802394e-09 -1.208110338153762799e-09 -2.502567364995559406e-09 -2.240320706591399661e-09 -2.048488077786667292e-09 -2.090766526735979071e-09 3.211434052340801805e-10 1.780635527684383052e-09
-2.065986856377101004e-09 1.187830638681103092e-09 2.471556132837271708e-09 2.216849748707212836e-09 2.028028606940970173e-09 2.070250205205300380e-09 -3.213023408910674919e-10 -1.764791388053016862e-09
2.032283950210237005e-09 -1.168153080026949972e-09 -2.441325148651992136e-09 -2.193896776562498939e-09 -2.007985686128378912e-09 -2.050114155264279312e-09 3.214660981291206048e-10 1.749185769916742215e-09
-1.999752679576898970e-09 1.149050470014349208e-09 2.411844469862840711e-09 2.171444360061764009e-09 1.988346592679825274e-09 2.030347801434716489e-09 -3.216344658180460481e-10 -1.733813162058179061e-09
1.968331302206655209e-09 -1.130497259930937832e-09 -2.383085687324431286e-09 -2.149475852659071574e-09 -1.969099122381567096e-09 -2.010940961512332889e-09 3.218072428129986485e-10 1.718668224226016690e-09
-1.937962426366101751e-09 1.112469423254496715e-09 2.355021833894855275e-09 2.127975351555048777e-09 1.950231562120395316e-09 1.991883822368400497e-09 -3.219842355831709183e-10 -1.703745777729383277e-09
1.908592617634143104e-09 -1.094944328765934001e-09 -2.327627290757325913e-09 -2.106927651179518564e-09 -1.931732659956301049e-09 -1.973166926502181885e-09 3.221652574720655451e-10 1.689040805126206626e-09
-1.880172063111217576e-09 1.077900660282876138e-09 2.300877703374575654e-09 2.086318206570004576e-09 1.913591607623683955e-09 1.954781155988501534e-09 -3.223501307611101696e-10 -1.674548436315846586e-09
1.852654275515891792e-09 -1.061318302844039563e-09 -2.274749901848465563e-09 -2.066133098847592169e-09 -1.895798020309939073e-09 -1.936717718024713465e-09 3.225386826327222445e-10 1.660263950671182239e-09
-1.825995796734686961e-09 1.045178262786814504e-09 2.249221832366013139e-09 2.046359000920460990e-09 1.878341909685835539e-09 1.918968127006661443e-09 -3.227307493619280877e-10 -1.646182766693809064e-09
