-2.912288814681641214e-10 6.826820376423209658e-10 7.653800203813953863e-10 5.344418130400410197e-10 7.934869678831764282e-10 1.320690717944467157e-09 1.703795146460279045e-10 -1.133855912682413375e-09
2.932788690076990165e-10 -6.842250719767341727e-10 -7.684332584674647440e-10 -5.374909806733628560e-10 -7.982885958308650691e-10 -1.326791620070236221e-09 -1.683891326124445411e-10 1.137320267595907622e-09
-2.953422660903051048e-10 6.857778786898527712e-10 7.715054418356452084e-10 5.405600983869366701e-10 8.031329896183307782e-10 1.332950240967354088e-09 1.663688860607193541e-10 -1.140803455957647070e-09
2.974192101718273223e-10 -6.873405478018700884e-10 -7.745967216629081327e-10 -5.436493343869341732e-10 -8.080207845022580762e-10 -1.339167493653958092e-09 -1.643180600679927462e-10 1.144305414124964195e-09
-2.995098421646005998e-10 6.889131693448908525e-10 7.777072483500912274e-10 5.467588568109703471e-10 8.129526305024010705e-10 1.345444310314000064e-09 1.622359203917482634e-10 -1.147826059585997324e-09
3.016143024706688394e-10 -6.904958326823137493e-10 -7.808371734643667930e-10 -5.498888372331257802e-10 -8.179291891521797811e-10 -1.351781644030063985e-09 -1.601217045767078028e-10 1.151365295401425535e-09
-3.037327342297393685e-10 6.920886307310855242e-10 7.839866495652591672e-10 5.530394460008979440e-10 8.229511372199076358e-10 1.358180472335822168e-09 1.579746267443264735e-10 -1.154923011966456002e-09
3.058652838630442659e-10 -6.936916552873298096e-10 -7.871558260664454088e-10 -5.562108521236310720e-10 -8.280191685249889280e-10 -1.364641794242526092e-09 -1.557938750167536451e-10 1.158499081033927910e-09
-3.080120975266190247e-10 6.953049983208119924e-10 7.903448558161193458e-10 5.594032274341908616e-10 8.331339893434003528e-10 1.371166631878438676e-09 1.535786059738973183e-10 -1.162093357376224189e-09
3.101733234533168045e-10 -6.969287547255198912e-10 -7.935538917013158989e-10 -5.626167430624188990e-10 -8.382963219344715008e-10 -1.377756033767804694e-09 -1.513279529533362441e-10 1.165705677122889111e-09
-3.123491146067741039e-10 6.985630182980108795e-10 7.967830812884259132e-10 5.658515685993708745e-10 8.435069083042522439e-10 1.384411072354305112e-09 1.490410152254679357e-10 -1.169335857456114160e-09
3.145396224961379507e-10 -7.002078834336681550e-10 -8.000325783098827478e-10 -5.691078751931955358e-10 -8.487665028589312847e-10 -1.391132846170579774e-09 -1.467168591726951893e-10 1.172983692245072318e-09
-3.167450010547666667e-10 7.018634469022935549e-10 8.033025337760569630e-10 5.723858338121298469e-10 8.540758792291688554e-10 1.397922481580878586e-09 1.443545241706209667e-10 -1.176648954566140525e-09
3.189654099637950911e-10 -7.035298045676813003e-10 -8.065930945424901641e-10 -5.756856130811040497e-10 -8.594358305889516822e-10 -1.404781132280028285e-09 -1.419530087169876338e-10 1.180331394113787133e-09
-3.212010061137248866e-10 7.052070525860438847e-10 8.099044129843479826e-10 5.790073831524291152e-10 8.648471653674357504e-10 1.411709981754241828e-09 1.395112775615896670e-10 -1.184030731475387713e-09
3.234519498179612831e-10 -7.068952901072994051e-10 -8.132366362602377652e-10 -5.823513129154493582e-10 -8.703107131182493544e-10 -1.418710241477070559e-09 -1.370282604447532449e-10 1.187746663602194312e-09
-3.257184070329181747e-10 7.085946144571746274e-10 8.165899116608047367e-10 5.857175690492626446e-10 8.758273232113565896e-10 1.425783155722534929e-09 1.345028425186865758e-10 -1.191478857435663994e-09
3.280005412417263445e-10 -7.103051235530488311e-10 -8.199643869743474852e-10 -5.891063194606931205e-10 -8.813978643888944505e-10 -1.432930002582341998e-09 -1.319338710370537063e-10 1.195226946488516222e-09
-3.302985184319410207e-10 7.120269186676899673e-10 8.233602052392288237e-10 5.925177291675241466e-10 8.870232261233901619e-10 1.440152087135850154e-09 1.293201498036101279e-10 -1.198990534296127426e-09
3.326125115800034431e-10 -7.137600983714603086e-10 -8.267775125684849153e-10 -5.959519616760989515e-10 -8.927043222202981829e-10 -1.447450754691664036e-09 -1.266604351461591220e-10 1.202769187330623937e-09
-3.349426912719104150e-10 7.155047623505821563e-10 8.302164498822046819e-10 5.994091803298922100e-10 8.984420854129241511e-10 1.454827388534255585e-09 1.239534368841191913e-10 -1.206562434383447912e-09
3.372892290006391199e-10 -7.172610130684341481e-10 -8.336771564759604967e-10 -6.028895451749058032e-10 -9.042374735819231170e-10 -1.462283397956901822e-09 -1.211978158684129208e-10 1.210369764698708474e-09
-3.396523043240321303e-10 7.190289506443371191e-10 8.371597733325614244e-10 6.063932142721596048e-10 9.100914703440403821e-10 1.469820241536016113e-09 1.183921784103584548e-10 -1.214190623614138411e-09
3.420320966187463771e-10 -7.208086763537324685e-10 -8.406644336534722590e-10 -6.099203440158979368e-10 -9.160050797602731602e-10 -1.477439418798890033e-09 -1.155350759013847910e-10 1.218024411484038841e-09
-3.444287833401827785e-10 7.226002928790362598e-10 8.441912720461795474e-10 6.134710879399083886e-10 9.219793369533756322e-10 1.485142456222832865e-09 1.126250041441735365e-10 -1.221870478904925064e-09
3.468425486840334002e-10 -7.244039021251809558e-10 -8.477404199725334887e-10 -6.170455952934212045e-10 -9.280152997951603201e-10 -1.492930940475152792e-09 -1.096603945606554394e-10 1.225728124806314302e-09
-3.492735823015707024e-10 7.262196059952362080e-10 8.513120033212218176e-10 6.206440140136522983e-10 9.341140556888100087e-10 1.500806498028967806e-09 1.066396160994227064e-10 -1.229596590821503550e-09
3.517220690639690565e-10 -7.280475076019604485e-10 -8.549061477647056026e-10 -6.242664875496017543e-10 -9.402767224891130761e-10 -1.508770790384938378e-09 -1.035609709572597075e-10 1.233475060606343326e-09
-3.541881969666044504e-10 7.298877097952010232e-10 8.585229733917683277e-10 6.279131535348590786e-10 9.465044427267536549e-10 1.516825547547160762e-09 1.004226882484187278e-10 -1.237362652579741796e-09
3.566721650700016041e-10 -7.317403144395074372e-10 -8.621625966602287570e-10 -6.315841490888647781e-10 -9.527983964136531589e-10 -1.524972535551741235e-09 -9.722292317886872343e-11 1.241258415850428921e-09
-3.591741669975807491e-10 7.336054251322303035e-10 8.658251299561653377e-10 6.352796026804442185e-10 9.591597922578138010e-10 1.533213573291694423e-09 9.395975182751357491e-11 -1.245161328317276612e-09
3.616943963843029410e-10 -7.354831443799353598e-10 -8.695106808933670130e-10 -6.389996384721072613e-10 -9.655898708352044838e-10 -1.541550548890012629e-09 -9.063116709419822604e-11 1.249070287470477922e-09
-3.642330595781673310e-10 7.373735739014477023e-10 8.732193515776472639e-10 6.427443773616577700e-10 9.720899126194840407e-10 1.549985387452091476e-09 8.723507203105313501e-11 -1.252984107484440211e-09
3.667903588411126030e-10 -7.392768167722844376e-10 -8.769512383966058170e-10 -6.465139291156757918e-10 -9.786612300124711009e-10 -1.558520087490530786e-09 -8.376927851028112378e-11 1.256901511393208702e-09
-3.693664960718061853e-10 7.411929746145931008e-10 8.807064332644498527e-10 6.503084013473715536e-10 9.853051738349635613e-10 1.567156711885118994e-09 8.023150024609380972e-11 -1.260821126367009787e-09
3.719616838784295145e-10 -7.431221483227528349e-10 -8.844850183540775244e-10 -6.541278910234598225e-10 -9.920231365457942447e-10 -1.575897373629357690e-09 -7.661934321538090487e-11 1.264741475629339661e-09
-3.745761329194397664e-10 7.450644392073577334e-10 8.882870719924330610e-10 6.579724873466375302e-10 9.988165489095240829e-10 1.584744270497847178e-09 7.293030764589685006e-11 -1.268660969369795514e-09
3.772100538153893923e-10 -7.470199476338079360e-10 -8.921126639300628831e-10 -6.618422737719048620e-10 -1.005686884856457020e-09 -1.593699664332997996e-09 -6.916177469486061411e-11 1.272577899275350199e-09
-3.798636662676593131e-10 7.489887721496264314e-10 8.959618527070615124e-10 6.657373179404049288e-10 1.012635664160413698e-09 1.602765888409968126e-09 6.531100036566549146e-11 -1.276490428411847197e-09
3.825371890192788440e-10 -7.509710116376603393e-10 -8.998346935838252371e-10 -6.696576831460763523e-10 -1.019664452114302540e-09 -1.611945361617766973e-09 -6.137511167576920885e-11 1.280396579345783587e-09
-3.852308413219007327e-10 7.529667638848345949e-10 9.037312270892018204e-10 6.736034196721303841e-10 1.026774861070250014e-09 1.621240579336845349e-09 5.735109466435916840e-11 -1.284294226029636397e-09
3.879448508794630818e-10 -7.549761238630882430e-10 -9.076514847143070794e-10 -6.775745612889378671e-10 -1.033968557145916791e-09 -1.630654126134445144e-09 -5.323578735238583585e-11 1.288181083954795843e-09
-3.906794441302585131e-10 7.569991869393595435e-10 9.115954897950912375e-10 6.815711358777576867e-10 1.041247257424728975e-09 1.640188673855166203e-09 4.902586868925411671e-11 -1.292054690309719071e-09
3.934348491472388790e-10 -7.590360465833118468e-10 -9.155632482493264058e-10 -6.855931519005087498e-10 -1.048612733093558010e-09 -1.649846992078721502e-09 -4.471785190446495861e-11 1.295912399017330386e-09
-3.962113018393178490e-10 7.610867929902230441e-10 9.195547581009488250e-10 6.896406022002194626e-10 1.056066817284522338e-09 1.659631950453219276e-09 4.030806979972124479e-11 -1.299751362496060557e-09
3.990090364776243088e-10 -7.631515160568545716e-10 -9.235700003509418661e-10 -6.937134670886989835e-10 -1.063611400684942814e-09 -1.669546518333313883e-09 -3.579266377945004796e-11 1.303568509463163565e-09
-4.018282900852560373e-10 7.652303035837738031e-10 9.276089411117554534e-10 6.978117046441323608e-10 1.071248437679350040e-09 1.679593783154338156e-09 3.116757312816333378e-11 -1.307360539214086858e-09
4.046693065780495900e-10 -7.673232387714382176e-10 -9.316715339890259172e-10 -7.019352550523548612e-10 -1.078979952238895348e-09 -1.689776944041948112e-09 -2.642851806667780478e-11 1.311123891757059706e-09
-4.075323285193893822e-10 7.694304040650015067e-10 9.357577086378895609e-10 7.060840380987645615e-10 1.086808036368699909e-09 1.700099322585896279e-09 2.157098709605127310e-11 -1.314854728629685610e-09
4.104176015019194642e-10 -7.715518797757190633e-10 -9.398673821222396993e-10 -7.102579504739619322e-10 -1.094734855436987337e-09 -1.710564373472634867e-09 -1.659021892625213875e-11 1.318548915897843123e-09
-4.133253776355209221e-10 7.736877389599203717e-10 9.440004503181452296e-10 7.144568634961910493e-10 1.102762654476573099e-09 1.721175685841182046e-09 1.148118577971910968e-11 -1.322201988216524171e-09
4.162559077454084984e-10 -7.758380553408733769e-10 -9.481567827002056767e-10 -7.186806231538423051e-10 -1.110893759768487942e-09 -1.731936995114084824e-09 -6.238573390943076372e-12 1.325809129023009376e-09
-4.192094456374119919e-10 7.780028975454526802e-10 9.523362328283476483e-10 7.229290475292491591e-10 1.119130581081810318e-09 1.742852188284342489e-09 8.567603183619408765e-13 -1.329365135354500319e-09
4.221862519024424214e-10 -7.801823266141203412e-10 -9.565386248943498695e-10 -7.272019214823502609e-10 -1.127475622469652407e-09 -1.753925318584400321e-09 4.670205117835552599e-12 1.332864383023540723e-09
-4.251865850209948719e-10 7.823764047546173394e-10 9.607637557506035163e-10 7.314989992660623900e-10 1.135931483258736548e-09 1.765160608951774560e-09 -1.034863124445287351e-11 -1.336300791708458455e-09
4.282107073178109482e-10 -7.845851834916033059e-10 -9.650113971606144441e-10 -7.358199983220566296e-10 -1.144500860296382983e-09 -1.776562465803367980e-09 1.618520795721172801e-11 1.339667779418499290e-09
-4.312588870281986414e-10 7.868087109287498486e-10 9.692812866412177625e-10 7.401645965052560805e-10 1.153186562270645321e-09 1.788135493280640040e-09 -2.218703930911155918e-11 -1.342958218101619268e-09
4.343313903089468685e-10 -7.890470319377411890e-10 -9.735731295110147291e-10 -7.445324313460572399e-10 -1.161991509584190928e-09 -1.799884499614155999e-09 2.836167630353178440e-11 1.346164380158988976e-09
-4.374284877547443749e-10 7.913001770446331044e-10 9.778865956152658849e-10 7.489230942663748268e-10 1.170918740455650680e-09 1.811814516936688850e-09 -3.471715169001972131e-11 -1.349277884467185987e-09
4.405504540771620024e-10 -7.935681779350761974e-10 -9.822213162681531934e-10 -7.533361279468526575e-10 -1.179971422840867574e-09 -1.823930811814217619e-09 4.126202170657340610e-11 1.352289625299648219e-09
-4.436975638486493604e-10 7.958510546748930408e-10 9.865768803187729472e-10 7.577710223654965193e-10 1.189152860367933344e-09 1.836238904090488904e-09 -4.800540992071481333e-11 -1.355189708458296743e-09
4.468700937481597893e-10 -7.981488151764867117e-10 -9.909528328851203302e-10 -7.622272109977303069e-10 -1.198466498579816108e-09 -1.848744583148695158e-09 5.495705622990165858e-11 1.357967367014838226e-09
-4.500683258474108773e-10 8.004614656709187050e-10 9.953486716620696703e-10 7.667040641630969781e-10 1.207915935398053258e-09 1.861453926602265006e-09 -6.212736880510140638e-11 -1.360610868004534995e-09
4.532925411951575289e-10 -8.027889962339512759e-10 -9.997638398666043183e-10 -7.712008862055992997e-10 -1.217504935742310584e-09 -1.874373324614079129e-09 6.952748874990140790e-11 1.363107421946690933e-09
-4.565430216384339331e-10 8.051313872212990886e-10 1.004197728025838473e-09 7.757169101330670693e-10 1.227237434238744279e-09 1.887509496991453200e-09 -7.716935187508178589e-11 -1.365443054983002114e-09
4.598200572605228561e-10 -8.074886085625020413e-10 -1.008649664960157898e-09 -7.802512871199224676e-10 -1.237117552316061470e-09 -1.900869525452033656e-09 8.506576412396276719e-11 1.367602491397930107e-09
-4.631239315865709107e-10 8.098606165175529787e-10 1.013118913268578978e-09 7.848030867229227210e-10 1.247149612804080134e-09 1.914460876767535553e-09 -9.323048846122920948e-11 -1.369569006299694582e-09
4.664549332775710528e-10 -8.122473520048350091e-10 -1.017604668089347203e-09 -7.893712852122234958e-10 -1.257338148006021941e-09 -1.928291432544359306e-09 1.016783292876663426e-10 1.371324251180828951e-09
-4.698133572411771189e-10 8.146487413866105596e-10 1.022106046891872241e-09 7.939547564529246714e-10 1.267687920180702394e-09 1.942369529927223780e-09 -1.104252451147522737e-10 -1.372848080088164010e-09
4.731994879910938433e-10 -8.170646973160480159e-10 -1.026622085144232588e-09 -7.985522680469345270e-10 -1.278203937756920442e-09 -1.956703989969184074e-09 1.194884573172815127e-10 1.374118327953552075e-09
-4.766136207008404241e-10 8.194951080356470971e-10 1.031151731065717120e-09 8.031624684293355843e-10 1.288891472307646776e-09 1.971304165015684017e-09 -1.288865858857822165e-10 -1.375110558544954802e-09
4.800560503465606321e-10 -8.219398483192304245e-10 -1.035693836418999380e-09 -8.077838763971387335e-10 -1.299756078908675367e-09 -1.986179984096341676e-09 1.386397984187704718e-10 1.375797797982921800e-09
-4.835270634325319675e-10 8.243987704818381533e-10 1.040247148403253065e-09 8.124148702139010184e-10 1.310803622516522746e-09 2.001342002115769451e-09 -1.487699681049056832e-10 -1.376150198084180746e-09
4.870269572461203455e-10 -8.268716994597180737e-10 -1.044810303000898276e-09 -8.170536768387299808e-10 -1.322040298952585454e-09 -2.016801458666077992e-09 1.593008812894433885e-10 1.376134660662592309e-09
-4.905560238579696145e-10 8.293584413567502198e-10 1.049381814448242685e-09 8.216983546002442673e-10 1.333472661293906321e-09 2.032570341284612740e-09 -1.702584360768601658e-10 -1.375714412733869973e-09
4.941145508911341494e-10 -8.318587719368773813e-10 -1.053960062683395214e-09 -8.263467797737297815e-10 -1.345107658210397887e-09 -2.048661459131653220e-09 1.816708955869448325e-10 1.374848484496733220e-09
-4.977028319011486380e-10 8.343724363918170715e-10 1.058543286421923886e-09 8.309966298901510409e-10 1.356952659649958892e-09 2.065088519423833521e-09 -1.935691841552523183e-10 -1.373491126129323145e-09
5.013211544187742611e-10 -8.368991494317858691e-10 -1.063129566957468175e-09 -8.356453638410467927e-10 -1.369015496101274131e-09 -2.081866223895259764e-09 2.059871870475332254e-10 1.371591106099419067e-09
-5.049698021582208240e-10 8.394385931592207977e-10 1.067716815198510203e-09 8.402902017121408893e-10 1.381304508311331880e-09 2.099010366444543601e-09 -2.189621450299450011e-10 -1.369090885443349770e-09
5.086490603409769246e-10 -8.419904051085378318e-10 -1.072302757602417408e-09 -8.449281002045542292e-10 -1.393828585702473765e-09 -2.116537953693389540e-09 2.325350919915285231e-10 1.365925646902838004e-09
-5.123592082016509011e-10 8.445541861188890347e-10 1.076884918193194459e-09 8.495557298656252480e-10 1.406597221730223309e-09 2.134467335332067718e-09 -2.467513362063575713e-10 -1.362022123192666685e-09
5.161005186313478339e-10 -8.471294962718041237e-10 -1.081460601770951600e-09 -8.541694424021637721e-10 -1.419620578935700417e-09 -2.152818353655241962e-09 2.616610759653086447e-10 1.357297207774742329e-09
-5.198732639628478104e-10 8.497158316130845740e-10 1.086026869708862758e-09 8.587652405952242955e-10 1.432909552818263106e-09 2.171612524720544980e-09 -2.773200788919861664e-10 -1.351656266959023914e-09
5.236777074710147313e-10 -8.523126507196420080e-10 -1.090580522019957284e-09 -8.633387435367806017e-10 -1.446475843099016067e-09 -2.190873223308715188e-09 2.937904870793166470e-10 1.344991098617647466e-09
-5.275141045224948507e-10 8.549193478286093059e-10 1.095118070303003624e-09 8.678851426128748029e-10 1.460332049789734508e-09 2.210625925147317341e-09 -3.111417986471866171e-10 -1.337177439560932840e-09
5.313827063844034220e-10 -8.575352426451377010e-10 -1.099635706800266099e-09 -8.723991591283412525e-10 -1.474491771573604169e-09 -2.230898469734457888e-09 3.294519922595227440e-10 1.328071894072250158e-09
-5.352837512266152658e-10 8.601596035724342800e-10 1.104129277963467776e-09 8.768749922673905579e-10 1.488969705277316754e-09 2.251721356683043810e-09 -3.488089074164871229e-10 -1.317508128100049344e-09
5.392174677020558884e-10 -8.627916058623595600e-10 -1.108594247711686628e-09 -8.813062605087163007e-10 -1.503781790827936515e-09 -2.273128123564856329e-09 3.693118868614800755e-10 1.305292115960528910e-09
-5.431840742606016927e-10 8.654303465886325903e-10 1.113025656721380445e-09 8.856859369618330019e-10 1.518945355290789451e-09 2.295155758707377156e-09 -3.910737623475925252e-10 -1.291196141722301309e-09
5.471837729155241197e-10 -8.680748326996181740e-10 -1.117418080715771566e-09 -8.900062743513090013e-10 -1.534479280236378396e-09 -2.317845189479038436e-09 4.142232892512243397e-10 1.274951154419794739e-09
-5.512167515839658627e-10 8.707239595890069673e-10 1.121765582776110885e-09 8.942587219693622076e-10 1.550404201745661323e-09 2.341241889141200425e-09 -4.389081095248858035e-10 -1.256236946834978733e-09
5.552831812721806933e-10 -8.733765247096404411e-10 -1.126061654005712740e-09 -8.984338261848847848e-10 -1.566742744944159762e-09 -2.365396562556568463e-09 4.652984380375236283e-10 1.234669356037449468e-09
-5.593832121973864948e-10 8.760311866528121522e-10 1.130299154690904292e-09 9.025211231710312342e-10 1.583519800326413189e-09 2.390365982534327302e-09 -4.935916364956849183e-10 -1.209783398846482762e-09
5.635169724211616646e-10 -8.786864749385556858e-10 -1.134470244166155070e-09 -9.065090098089470661e-10 -1.600762821169819824e-09 -2.416214011752921604e-09 5.240179704833612022e-10 1.181010749825909986e-09
-5.676845661182325023e-10 8.813407732085515976e-10 1.138566297031265106e-09 9.103845973413351479e-10 1.618502217579734988e-09 2.443012805849710333e-09 -5.568479186126283099e-10 -1.147649174774035771e-09
5.718860688671005110e-10 -8.839922833323853864e-10 -1.142577816894180824e-09 -9.141335443925384094e-10 -1.636771802752703719e-09 -2.470844315452949225e-09 5.924015278517769318e-10 1.108820388651684210e-09
-5.761215240254839848e-10 8.866390351414854112e-10 1.146494330466259680e-09 9.177398561332153662e-10 1.655609299509285460e-09 2.499802112311803220e-09 -6.310605538198467185e-10 -1.063410827911555821e-09
5.803909417799634813e-10 -8.892788481528739486e-10 -1.150304268268281924e-09 -9.211856620702445820e-10 -1.675056998369124375e-09 -2.529993648798264347e-09 6.732843774140783561e-10 1.009986671600327303e-09
-5.846942911087994808e-10 8.919093080114216198e-10 1.153994831100263406e-09 9.244509405507332302e-10 1.695162522420810261e-09 2.561543095224003055e-09 -7.196311720294342449e-10 -9.466690041485246923e-10
5.890314973507785649e-10 -8.945277513459312357e-10 -1.157551830860743966e-09 -9.275132108495216907e-10 -1.715979738570627128e-09 -2.594594891481279782e-09 7.707864547971542309e-10 8.709454250348152728e-10
-5.934024369609642276e-10 8.971312261268751386e-10 1.160959512435157871e-09 9.303471599641968958e-10 1.737569916228627041e-09 2.629318282372440814e-09 -8.276022334677157906e-10 -7.793768677680255491e-10
5.978069294274088296e-10 -8.997164594011961168e-10 -1.164200340379426958e-09 -9.329241969989207177e-10 -1.760003122460666657e-09 -2.665913135705167704e-09 8.911516532489576971e-10 6.671246741829868943e-10
-6.022447340515817796e-10 9.022798205319542014e-10 1.167254759089614514e-09 9.352119406416368437e-10 1.783359951630778220e-09 2.704617508229307801e-09 -9.628068220311198743e-10 -5.271549706057013457e-10
6.067155381617088943e-10 -9.048172762550584415e-10 -1.170100904844508368e-09 -9.371735749596595216e-10 -1.807733719197645919e-09 -2.745717604360253849e-09 1.044352203029796212e-09 3.488311761107001654e-10
-6.112189511130560530e-10 9.073243341622802816e-10 1.172714269921408715e-09 9.387670999407517014e-10 1.833233201217320838e-09 2.789561059819090842e-09 -1.138154110971712383e-09 -1.152674963581499299e-10
6.157544958646857408e-10 -9.097959894978527974e-10 -1.175067313372071423e-09 -9.399444142349062035e-10 -1.859986154499914974e-09 -2.836574934427375555e-09 1.247421665616889891e-09 -2.020384659869833704e-10
-6.203215938170723284e-10 9.122266530712469919e-10 1.177128985929484423e-09 9.406501756109242786e-10 1.888143844833427043e-09 2.887290482488930145e-09 -1.376622472582990980e-09 6.551938549882792615e-10
6.249195547243738367e-10 -9.146100679253255685e-10 -1.178864179853901923e-09 -9.408204333829355608e-10 -1.917886959770293996e-09 -2.942377901511027865e-09 1.532171746534891025e-09 -1.350320520503827219e-09
-6.295475647453810603e-10 9.169392215724337202e-10 1.180233058019194997e-09 9.403809106089907713e-10 1.949433435573453772e-09 3.002696073210168895e-09 -1.723630239044672160e-09 2.539522012303543731e-09
6.342046654272875281e-10 -9.192062301857559495e-10 -1.181190254101269640e-09 -9.392448478262155176e-10 -1.983048930472959212e-09 -3.069365471564377626e-09 1.965909391968371661e-09 -4.981309541250901043e-09
-6.388897365138269733e-10 9.214022113539384953e-10 1.181683898702992793e-09 9.373103189464739459e-10 2.019061111578534444e-09 3.143877857727739494e-09 -2.283627679844807172e-09 1.210087122951279735e-08
6.436014786985354345e-10 -9.235171290747031180e-10 -1.181654430775501712e-09 -9.344567794980244365e-10 -2.057879430644827070e-09 -3.228266408025319279e-09 2.720520754292644133e-09 -6.146832604988514145e-08
-6.483383823895510582e-10 9.255396125021840375e-10 1.181033150035233113e-09 9.305406345070429650e-10 2.100023051042128967e-09 3.325378995084035882e-09 -3.362284485289074517e-09 -2.910333644087218319e-07
6.530987021427978814e-10 -9.274567338083575648e-10 -1.179740399884825466e-09 -9.253894904584386424e-10 -2.146161155111637781e-09 -3.439335485665747097e-09 4.401592145488203071e-09 -1.206558098121701967e-06
-6.578804266872725061e-10 9.292537469342837002e-10 1.177683329511010483e-09 9.187945469903228743e-10 2.197172519376110428e-09 3.576331171841815071e-09 -6.371111237911684603e-09 -4.056359149660995472e-06
6.626812338702539367e-10 -9.309137702524780494e-10 -1.174753062719404328e-09 -9.105004656557672959e-10 -2.254236064954268917e-09 -3.746133468619240465e-09 1.134840042318596060e-08 -1.011612954214081438e-05
-6.674984502554970070e-10 9.324173907281970033e-10 1.170821086943826949e-09 9.001916139229349781e-10 2.318972948064668284e-09 3.965077731246986914e-09 -3.560408201326741989e-08 -1.772913642290688556e-05
6.723289988260867661e-10 -9.337421981666025642e-10 -1.165734651318565290e-09 -8.874731008338148004e-10 -2.393677932253786788e-09 -4.262627154268687176e-09 -1.926208439216539304e-07 -1.763123622300686823e-05
-6.771693328399821129e-10 9.348621854438127245e-10 1.159310763675530187e-09 8.718441523592566668e-10 2.481712968762721748e-09 4.697477694460511114e-09 -8.071124729901879735e-07 3.438972197831891669e-06
6.820153661186995530e-10 -9.357470202134028384e-10 -1.151328298730784480e-09 -8.526599073660137825e-10 -2.588212641017168151e-09 -5.403337601500813897e-09 -2.838510318759720751e-06 4.378955009692691685e-05
-6.868623850541421964e-10 9.363611225366627611e-10 1.141517519064076693e-09 8.290753532192715125e-10 2.721431620765370327e-09 6.743303660209083380e-09 -7.442019083800390171e-06 7.152171225834119607e-05
6.917049432455022591e-10 -9.366624892665470959e-10 -1.129545868438354657e-09 -7.999607748986894366e-10 -2.895530682676438368e-09 -9.753137170938726845e-09 -1.391706148723762140e-05 4.957786853520853952e-05
-6.965367371615829888e-10 9.366012043528396797e-10 1.114998466996858318e-09 7.637703101903794186e-10 3.136951961776011837e-09 -1.035792621658186916e-07 -1.566989574502697865e-05 -1.436837868087050010e-05
7.013504573660587625e-10 -9.361174840493460694e-10 -1.097350829663106207e-09 -7.183302266965623352e-10 -3.501107438362095834e-09 -4.376976872501810102e-07 -1.396346624023160437e-06 -6.569689335463943926e-05
-7.061376020581759768e-10 9.351391432692541825e-10 1.075929862140424777e-09 6.604833768430117772e-10 4.125045196551322787e-09 -1.663702087333053886e-06 3.085237186745774774e-05 -6.439453990791021640e-05
7.108882559533998901e-10 -9.335782087226588930e-10 -1.049856893122636935e-09 -5.854618744803415033e-10 -5.446947610573129868e-09 -4.786877157977301430e-06 5.822101664868502502e-05 -2.604710418933883762e-05
-7.155908170606077375e-10 9.313263552115331660e-10 1.017962183011008009e-09 4.857120217576122600e-10 9.659728498300234454e-09 -1.002559296681041856e-05 4.753445541729937434e-05 8.411131811872782024e-06
7.202316511615867927e-10 -9.282486841076678604e-10 -9.786527611566508045e-10 -3.485249512155306172e-10 -4.734887784533985396e-08 -1.366144271762592604e-05 -2.692630445322838208e-06 1.952660801557253701e-05
-7.247946745273543516e-10 9.241750176419248488e-10 9.297008995331927007e-10 1.507947563827450087e-10 -1.922545455175814020e-07 -6.710109894680391950e-06 -5.055027966888963177e-05 1.476107631723664530e-05
7.292608139617449537e-10 -9.188875458149291798e-10 -8.678914305621742258e-10 1.540534613709339995e-10 -8.095886794560170859e-07 1.664648762696115835e-05 -5.687470294294872704e-05 7.180397970251399322e-06
-7.336073338239707823e-10 9.121028932134580596e-10 7.884045534782541401e-10 -6.742351740128936864e-10 -2.630991034904788493e-06 4.399929426220144859e-05 -2.752693052582562368e-05 2.535528193685653057e-06
7.378069686027964109e-10 -9.034453641019675927e-10 -6.836703572797999383e-10 1.716198590125974079e-09 -6.380708083172009045e-06 4.686736820790849615e-05 3.607316602099005492e-06 6.752936086502582129e-07
-7.418267998565496401e-10 8.924059568727897383e-10 5.410828707043840187e-10 -4.318957732691097048e-09 -1.072772728539880300e-05 1.253939274403970944e-05 1.601437549185466690e-05 1.599825955132508766e-07
7.456268044277386407e-10 -8.782774219194743437e-10 -3.379979156549043147e-10 -7.872688227784743616e-08 -9.806423797857752642e-06 -3.278527817124342358e-05 1.335855061576330077e-05 1.833864125767039810e-08
-7.491579152616656033e-10 8.600473057609346453e-10 2.938141136043522763e-11 -3.150506885838997399e-07 3.963788914575513443e-06 -5.019019163786796081e-05 6.893470727789497761e-06 -1.100601299978908409e-08
7.523594641078421483e-10 -8.362137204196067808e-10 4.881871268434322347e-10 -1.208693942059408997e-06 2.801287532036018230e-05 -3.212864120167732652e-05 2.556731511695305709e-06 8.427279489239549579e-09
-7.551557291762479575e-10 8.044501711456489542e-10 -1.510115250802646734e-09 -3.445769847473906144e-06 4.224743471722364825e-05 -3.659970563260586881e-06 7.084044082436983333e-07 -7.194692453619861117e-09
7.574512302566554338e-10 -7.609540485131029294e-10 4.255858947303836951e-09 -7.181691656637301244e-06 2.621455913401571575e-05 1.197793962449067419e-05 1.692307711322183804e-07 6.490732805163216762e-09
-7.591243327739396538e-10 6.990709054248448691e-10 -1.959433659312428091e-08 -9.680443063616006968e-06 -1.221433286871783279e-05 1.260859397189996331e-05 2.697789527371180621e-08 -6.044054209832734120e-09
7.600184793720368208e-10 -6.060638266839267831e-10 -1.076928319023398239e-07 -4.562640625455644046e-06 -3.996180445584205466e-05 7.354276985920567996e-06 -1.046622220787338853e-08 5.741433618194548125e-09
-7.599303556700451549e-10 4.543754283955789230e-10 -4.426028803466565693e-07 1.218154298435234816e-05 -3.623198742938494742e-05 2.999240825391310359e-06 6.413205100154982332e-09 -5.527753991696504685e-09
7.585947012291217472e-10 -1.728411618358779118e-10 -1.535114702502920197e-06 3.143871947990911479e-05 -1.293778006356783249e-05 9.045821097603558456e-07 -4.692037245119807488e-09 5.373095924125315158e-09
-7.556675486122200425e-10 -4.806888964880512493e-10 -3.939993602807707591e-06 3.300706974774842724e-05 6.179053418962872388e-06 2.204129717055475851e-07 3.749677846481738182e-09 -5.259857280481558034e-09
7.507186869709923186e-10 2.845617076465445830e-09 -7.185577679011519116e-06 8.282271284451777629e-06 1.146481357595371137e-05 4.671486517518472237e-08 -3.154458034562572744e-09 5.177025689546355013e-09
-7.432792970140163613e-10 -3.042670405887496063e-08 -7.712540487549983013e-06 -2.369833586838949270e-05 8.227889364075456648e-06 -6.651057563198581152e-09 2.742865953654596041e-09 -5.117371568886669742e-09
7.331374555615337807e-10 -1.327098041963763887e-07 1.292897326230178217e-07 -3.554375938124895826e-05 3.863418888342108188e-06 1.566175817210517902e-09 -2.439979523225189220e-09 5.075963090820503847e-09
-7.217697794668798542e-10 -5.409559010042194963e-07 1.667884278640489220e-05 -2.240521901192620919e-05 1.331907036738909630e-06 1.220097219662921138e-10 2.206759768839504837e-09 -5.049330638705962716e-09
7.198405654469627035e-10 -1.730069547278137381e-06 2.964073098865492925e-05 -2.289983976932229631e-06 3.411712035873872264e-07 -9.495487916674146322e-10 -2.020892796682938846e-09 5.034972283479537582e-09
-7.982314748365358738e-10 -4.088204266777799124e-06 2.272333446672606316e-05 8.582307501147304086e-06 8.639297740316152483e-08 1.448389719880461021e-09 1.868702524883244229e-09 -5.031048400523181211e-09
1.684188402794536703e-09 -6.655514065594237387e-06 -3.249840750699838536e-06 8.883109552559433547e-06 1.598613171428650500e-09 -1.789817123704324184e-09 -1.741337098875872934e-09 5.036186293621826415e-09
-3.746399932222938570e-08 -5.640161791012782369e-06 -2.635947910520302333e-05 5.148130699086759438e-06 -3.504601543219705626e-10 2.044461256063619951e-09 1.632810490448835832e-09 -5.049351308650807608e-09
-1.472733405670451350e-07 3.382123252912901032e-06 -2.802322795797072277e-05 2.082001950325877518e-06 -4.479018438109608770e-10 -2.246516965898793606e-09 -1.538926206373240719e-09 5.069759572314382722e-09
-5.919940142155329314e-07 1.809029153168476698e-05 -1.266410015017684219e-05 6.299605252192302945e-07 9.104526680855320354e-10 2.414507944545410916e-09 1.456652194483980008e-09 -5.096817629239808788e-09
-1.781525492564767421e-06 2.565923965952232952e-05 2.537405802493972807e-06 1.481239724726752627e-07 -1.212319085304249194e-09 -2.559338880479814747e-09 -1.383740791110122109e-09 5.130079893106602787e-09
-3.961710228278508619e-06 1.444987578662914766e-05 8.134681679596420830e-06 3.612863648048886445e-08 1.429082764125863243e-09 2.687855454750044196e-09 1.318488456881922652e-09 -5.169218218774600985e-09
-5.890627902375697837e-06 -9.187584389868068950e-06 6.509153039682079086e-06 -9.149584475222232345e-09 -1.596184179515444806e-09 -2.804582331627242611e-09 -1.259578811790774041e-09 5.213999916996661922e-09
-3.943619224697880705e-06 -2.480589867927876017e-05 3.281162687841921408e-06 5.599916274130038315e-09 1.732083059263929261e-09 2.912640087857504784e-09 1.205977089212118810e-09 -5.264271776895944500e-09
5.139845183148434484e-06 -2.118473416379549115e-05 1.190848399496074602e-06 -4.434534351972258449e-09 -1.847265933960598714e-09 -3.014260153108733274e-09 -1.156857305874718438e-09 5.319948451801473580e-09
1.757666655884828721e-05 -6.752033922632847879e-06 3.266632503790454690e-07 3.886055568567046108e-09 1.948116739245195669e-09 3.111089316585995374e-09 1.111550942287490852e-09 -5.381004114167977648e-09
2.143405118930338452e-05 4.283938521553696173e-06 7.573021465903962190e-08 -3.576625444417172841e-09 -2.038744887429562303e-09 -3.204377676941447632e-09 -1.069510007855663306e-09 5.447466609594759671e-09
8.841058830168662777e-06 6.937096881750382308e-06 1.275561161751640525e-08 3.383227700923431556e-09 2.121920038929054453e-09 3.295099069769655551e-09 1.030279974310733428e-09 -5.519413564616292967e-09
-1.144242424249467696e-05 4.782223816898764349e-06 -6.807184323443612314e-09 -3.254786440429427454e-09 -2.199582538966496669e-09 -3.384030723489935646e-09 -9.934796482820561496e-10 5.596970115438582487e-09
-2.185474278930906226e-05 2.191799025420013657e-06 5.163583537527935709e-09 3.166471851433879434e-09 2.273137834504504175e-09 3.471807429590386525e-09 9.587859424958103550e-10 -5.680308003240267449e-09
-1.604591228992654475e-05 7.357005842032753120e-07 -4.444672910578885037e-09 -3.104808274468184927e-09 -2.343634325818871413e-09 -3.558959404737413602e-09 -9.259222031352234073e-10 5.769645875083892403e-09
-3.474618765978692719e-06 1.884099750350097706e-07 4.053060827990185036e-09 3.061865597794658462e-09 2.411875052803098605e-09 3.645939293402690443e-09 8.946491449288814134e-10 -5.865250729613375711e-09
4.612636363156012012e-06 4.456460329121604661e-08 -3.812249035713094090e-09 -3.032679717756859793e-09 -2.478490325865459522e-09 -3.733141901426252088e-09 -8.647577188935741697e-10 5.967440489741236122e-09
5.750484348841948859e-06 1.790600218111114612e-09 3.653053087506939080e-09 3.013988871508223208e-09 2.543986347889508323e-09 3.820918947030544594e-09 8.360634178665316697e-10 -6.076587712337567264e-09
3.618727955438847822e-06 -2.208040564826250807e-09 -3.543078525523518966e-09 -3.003565122849098690e-09 -2.608778615007537574e-09 -3.909590247008029012e-09 -8.084016807486105085e-10 6.193124542852832373e-09
1.553528195074314362e-06 2.092125828660941130e-09 3.465197504844025519e-09 2.999838151770090910e-09 2.673215484330051994e-09 3.999452463747766837e-09 7.816241356048298631e-10 -6.317549071261936567e-09
4.960958493274668341e-07 -1.992912541518036525e-09 -3.409520561880557529e-09 -3.001672493395227100e-09 -2.737595088627391777e-09 -4.090786070379786912e-09 -7.555954559884343809e-10 6.450433251550491978e-09
1.197317683864019600e-07 1.924938154532018768e-09 3.369944620050667658e-09 3.008229931685623235e-09 2.802177787109034586e-09 4.183861016293043499e-09 7.301907203306719022e-10 -6.592432696494814900e-09
3.065092339713585706e-08 -1.878675651082986453e-09 -3.342502601693561716e-09 -3.018881351105252924e-09 -2.867195498814000015e-09 -4.278941501729165829e-09 -7.052931265375133970e-10 6.744298733973531949e-09
-4.131958112154027869e-09 1.846878968309424703e-09 3.324506755415185782e-09 3.033148521163295982e-09 2.932858795328512559e-09 4.376290095179653393e-09 6.807919721711523120e-10 -6.906893159014118928e-09
2.310971619741615776e-09 -1.825007890068638204e-09 -3.314073837331062107e-09 -3.050664623238509906e-09 -2.999362483235936507e-09 -4.476171397356568880e-09 -6.565808342373198489e-10 7.081206359902363024e-09
-1.864355813416220475e-09 1.810216193531384340e-09 3.309847430992414933e-09 3.071146808955150268e-09 3.066889993098132711e-09 4.578855415726573108e-09 6.325558735206333454e-10 -7.268379664457443278e-09
1.690225351521145473e-09 -1.800664146639755720e-09 -3.310828149052886120e-09 -3.094376805818343381e-09 -3.135616958158043390e-09 -4.684620785239811636e-09 -6.086141993417012603e-10 7.469732970285377112e-09
-1.605798895088110986e-09 1.795121328290676584e-09 3.316265824401946430e-09 3.120186924589502944e-09 3.205714224253132203e-09 4.793757915925910528e-09 5.846522457610573604e-10 -7.686799141334815836e-09
1.560375327487359504e-09 -1.792738509666845083e-09 -3.325588803217579472e-09 -3.148449804754165727e-09 -3.277350362248932043e-09 -4.906572183128081235e-09 -5.605641132349154847e-10 7.921367157826552004e-09
-1.535143991680376598e-09 1.792913179024939207e-09 3.338356271129369717e-09 3.179070868378070264e-09 3.350693911231768694e-09 5.023387253747439104e-09 5.362397856594954633e-10 -8.175536648100505708e-09
1.521697179610211483e-09 -1.795207650954493555e-09 -3.354225314301045434e-09 -3.211982630419048703e-09 -3.425915397043590602e-09 -5.144548603807250093e-09 -5.115631842332602976e-10 8.451787426703337593e-09
-1.515761100081051380e-09 1.799297600913331309e-09 3.372927688441061195e-09 3.247140443435876564e-09 3.503189184347908052e-09 5.270427349427392441e-09 4.864099855729295016e-10 -8.753069118723545395e-09
1.514950126917569335e-09 -1.804938704186411510e-09 -3.394253103100160951e-09 -3.284519287798874549e-09 -3.582695275257671505e-09 -5.401424477279540120e-09 -4.606450687263186837e-10 9.082917935003439318e-09
-1.517835010475831206e-09 1.811944405144706696e-09 3.418037020195616508e-09 3.324111313956599521e-09 3.664621067895475626e-09 5.537975568028180766e-09 4.341195109612852377e-10 -9.445610684574916917e-09
1.523511155656894442e-09 -1.820170790847509750e-09 -3.444151627367176718e-09 -3.365924054665588936e-09 -3.749163130374321966e-09 -5.680556153164860531e-09 -4.066669790825128144e-10 9.846370731927055719e-09
-1.531380655730948965e-09 1.829506030358034498e-09 3.472499034040764237e-09 3.409979065850369088e-09 3.836529038467547464e-09 5.829687854616303604e-09 3.780992803717282622e-10 -1.029164756823218046e-08
1.541034422828340872e-09 -1.839862852247052442e-09 -3.503006162012856898e-09 -3.456310962424440077e-09 -3.926939324080889304e-09 -5.985945463470309323e-09 -3.482008258581552710e-10 1.078950268937421781e-08
-1.552184750652286274e-09 1.851173132872709980e-09 3.535620828348911529e-09 3.504966804307492953e-09 4.020629558455906195e-09 6.149965177106364686e-09 3.167216563897622756e-10 -1.135015225541093790e-08
1.564624885457247313e-09 -1.863383915255702618e-09 -3.570308725819904997e-09 -3.556005693051238536e-09 -4.117852628450769846e-09 -6.322454285537781322e-09 -2.833684963091534134e-10 1.198674636957622953e-08
-1.578203810519757081e-09 1.876454433834040201e-09 3.607051147353885433e-09 3.609498637189551025e-09 4.218881268466794560e-09 6.504202584602525007e-09 2.477931224860421875e-10 -1.271651490358893802e-08
1.592809981044999516e-09 -1.890353890072418371e-09 -3.645843195886511135e-09 -3.665528619005126211e-09 -4.324010869033812709e-09 -6.696095951755670189e-09 -2.095770839848118897e-10 1.356249825255873941e-08
-1.608360514172661743e-09 1.905059769103667548e-09 3.686692452454072172e-09 3.724190830181446115e-09 4.433562657501168848e-09 6.899132628703139482e-09 1.682112826254221719e-10 -1.455624370344522516e-08
1.624793830618795857e-09 -1.920556524188118881e-09 -3.729617978870519912e-09 -3.785593113607370171e-09 -4.547887325554879862e-09 -7.114442818417661640e-09 -1.230682653716222588e-10 1.574215956674520280e-08
-1.642064533610855681e-09 1.936834589748095168e-09 3.774649565940285582e-09 3.849856572237367223e-09 4.667369166852197687e-09 7.343312484711267390e-09 7.336405542165424516e-11 -1.718484895396722309e-08
1.660139764725825511e-09 -1.953889621972664589e-09 -3.821827264609149242e-09 -3.917116365110115165e-09 -4.792430860936181375e-09 -7.587212484336442030e-09 -1.810458048685116149e-11 1.898209838106357503e-08
-1.678996587992715964e-09 1.971721877725360012e-09 3.871201060286236543e-09 3.987522691121995318e-09 4.923539033880104654e-09 7.847834454432779375e-09 -4.399099853958686019e-11 -2.128932457315347651e-08
1.698620069893081296e-09 -1.990335788122922501e-09 -3.922830734386811688e-09 -4.061241990089198506e-09 -5.061210736483539543e-09 -8.127135405711679546e-09 1.146024239925575464e-10 2.436918232320127293e-08
-1.719001859108424382e-09 2.009739605173429094e-09 3.976785906729673676e-09 4.138458364178238922e-09 5.206021053322337536e-09 8.427393647137393132e-09 -1.959763775768397515e-10 -2.870228979227604313e-08
1.740139132045566165e-09 -2.029945131087999784e-09 -4.033146164197555865e-09 -4.219375245402638617e-09 -5.358612111171256787e-09 -8.751279556214383629e-09 2.911853399735638534e-10 3.526701866723489129e-08
-1.762033798671120424e-09 2.050967567197636298e-09 4.092001366064365259e-09 4.304217374188730456e-09 5.519703758656052853e-09 9.101946025375520933e-09 -4.045390153879077310e-10 -4.637470240077692884e-08
1.784691908974466021e-09 -2.072825367707993384e-09 -4.153452072219219582e-09 -4.393233082028310768e-09 -5.690106333897172429e-09 -9.483145373626297070e-09 5.422622217264442370e-10 6.879741128353260514e-08
-1.808123202117816609e-09 2.095540187642777827e-09 4.217610082868057098e-09 4.486696965804669564e-09 5.870736046035739724e-09 9.899382271971950368e-09 -7.136597138632555907e-10 -1.284093248337825256e-07
1.832340787307114246e-09 -2.119136867331857072e-09 -4.284599141505023449e-09 -4.584913015013341110e-09 -6.062633572121563342e-09 -1.035611634973415416e-08 9.332191102604175240e-10 -1.500470407874350166e-06
-1.857360895486062537e-09 2.143643436268924788e-09 4.354555770590909169e-09 4.688218250136484417e-09 6.266986725314091518e-09 1.086003454700919902e-08 -1.224638954277246411e-09 -6.175837141079301094e-06
1.883202712603829889e-09 -2.169091206492253982e-09 -4.427630261531460655e-09 -4.796986982195219250e-09 -6.485158315607954186e-09 -1.141942304700096196e-08 1.629121773160402019e-09 -2.342618715973451051e-05
-1.909888288545203068e-09 2.195514846766476845e-09 4.503987842935654656e-09 4.911635822405286331e-09 6.718720613323517987e-09 1.204468413477094721e-08 -2.224055603801543128e-09 -6.656255158990736619e-05
1.937442455638100109e-09 -2.222952526334036814e-09 -4.583810042730207102e-09 -5.032629571341269402e-09 -6.969498338802648228e-09 -1.274906870987426104e-08 3.170243965007583785e-09 -1.377507707086006049e-04
-1.965892832567943866e-09 2.251446106425156131e-09 4.667296259714114479e-09 5.160488167295388384e-09 7.239622812563580963e-09 1.354973752913137179e-08 -4.851102649918726553e-09 -1.839116408789562220e-04
1.995269846971101409e-09 -2.281041325069179412e-09 -4.754665585707306178e-09 -5.295794962833786506e-09 -7.531600794097018470e-09 -1.446933751950064111e-08 8.380833478360573616e-09 -8.287526869032839100e-05
-2.025606773580703450e-09 2.311788068801249258e-09 4.846158920188844393e-09 5.439206569155597590e-09 7.848402877566987108e-09 1.553841087455346948e-08 -1.816231284709138687e-08 2.385178451678378895e-04
2.056939849296050363e-09 -2.343740665308300119e-09 -4.942041397824365743e-09 -5.591464653162875906e-09 -8.193578356575840239e-09 -1.679920005455464057e-08 6.415845486970806257e-08 6.019915564919133856e-04
-2.089308368963157715e-09 2.376958215470672013e-09 5.042605211271667547e-09 5.753410189137757379e-09 8.571406317171882330e-09 1.831189285677002189e-08 -9.515250422103059051e-07 6.228082383435522285e-04
2.122754842435027805e-09 -2.411504995855738006e-09 -5.148172884804288185e-09 -5.926000709621490080e-09 -8.987097060909405518e-09 -2.016534905368002249e-08 -3.884212822492818318e-06 1.460507720286406956e-04
-2.157325183341748947e-09 2.447450903453615272e-09 5.259101068776013171e-09 6.110331367460598568e-09 9.447064706591717201e-09 2.249656005796804796e-08 -1.574782189828978675e-05 -4.588199855932092184e-04
2.193068889926795317e-09 -2.484871968571144556e-09 -5.375784970684195239e-09 -6.307660845813575614e-09 -9.959302258357772961e-09 -2.552839982532044895e-08 -4.870777170156796981e-05 -6.744105766357077862e-04
-2.230039319424788688e-09 2.523850937780787922e-09 5.498663539522654505e-09 6.519443437118912141e-09 1.053390720336912029e-08 2.964929627049884481e-08 -1.113739090724072823e-04 -4.188364936907183647e-04
2.268293949273872992e-09 -2.564477945300249259e-09 -5.628225545445239910e-09 -6.747369090803963634e-09 -1.118383338897860838e-08 -3.560075549961457563e-08 -1.727255016880840444e-04 -3.775843763035845201e-05
-2.307894678920839227e-09 2.606851267811797522e-09 5.765016744027491497e-09 6.993413883637095020e-09 1.192599188073733534e-08 4.498865023223341302e-08 -1.299402832551180568e-04 1.645994572492862594e-04
2.348908217076458172e-09 -2.651078192066596105e-09 -5.909648372935278254e-09 -7.259904222853133604e-09 -1.278290587690227262e-08 -6.200176808890015149e-08 1.217935851455997302e-04 1.678427253945767323e-04
-2.391406457978937269e-09 2.697276014564808851e-09 6.062807246183299346e-09 7.549599331991555384e-09 1.378527505420232221e-08 1.013934182741670629e-07 4.947247288833729172e-04 9.648681879749472859e-05
2.435466937816835117e-09 -2.745573169635404758e-09 -6.225267823124474750e-09 -7.865798489698387992e-09 -1.497609121802885526e-08 -2.547880731106073804e-07 6.457781442762744765e-04 3.885768878038538580e-05
-2.481173360695326886e-09 2.796110541779603505e-09 6.397906746044875279e-09 8.212482166545973044e-09 1.641752176589788604e-08 -1.705376067245933173e-06 3.111390943040421046e-04 1.164731868802221374e-05
2.528616157335938855e-09 -2.849042973572805354e-09 -6.581720405447452536e-09 -8.594500280834026414e-09 -1.820300197540684332e-08 -7.113566190196008004e-06 -2.929497546038219505e-04 2.782080239470531892e-06
-2.577893137466064548e-09 2.904541000575801138e-09 6.777846329409295132e-09 9.017827114714629453e-09 2.047978071835158753e-08 -2.585793628694354804e-05 -6.428407068979609482e-04 6.239319516378643407e-07
2.629110230510769783e-09 -2.962792871819188157e-09 -6.987589429664501752e-09 -9.489912272010293671e-09 -2.349417105673742669e-08 -7.019465041405637993e-05 -5.054309853396485959e-04 -1.358573972053811716e-07
-2.682382307516308059e-09 3.024006900330022759e-09 7.212454409700802410e-09 1.002017281429249502e-08 2.769128922012247450e-08 -1.372432025485254784e-04 -1.334357114969288096e-04 6.819721881654958986e-08
2.737834115158108206e-09 -3.088414204080214558e-09 -7.454186106132005561e-09 -1.062069777869115002e-08 -3.396370429626282012e-08 -1.670134785252391091e-04 1.252680254470360196e-04 -4.524222406390049079e-08
-2.795601354981062611e-09 3.156271920551624181e-09 7.714820178978869538e-09 1.130728055975822573e-08 4.438569870484672860e-08 -4.297686571758346612e-05 1.737073895100843925e-04 3.406066829177709171e-08
2.855831888428676949e-09 -3.227867007904045571e-09 -7.996747374414556830e-09 -1.210097230946066954e-08 -6.499199614914004500e-08 2.771825340533404540e-04 1.137731318328531293e-04 -2.748159769383308397e-08
-2.918687116033677205e-09 3.303520727253180438e-09 8.302795799387637588e-09 1.303049155123562940e-08 1.215010969293841652e-07 5.866587358103839698e-04 5.029956005073648673e-05 2.314491084509407318e-08
2.984343579168894290e-09 -3.383593980638917452e-09 -8.636337470981892420e-09 -1.413609624579646341e-08 -4.605801391824762419e-07 5.323272014005641685e-04 1.641891028424923105e-05 -2.006347963461384562e-08
-3.052994765645579571e-09 3.468493712835662890e-09 9.001427958270648667e-09 1.547606919440539169e-08 -2.187348254611880218e-06 4.207440494968536055e-05 4.074818345382760941e-06 1.775477084095744658e-08
3.124853205578655983e-09 -3.558680591137355869e-09 -9.402991774607413630e-09 -1.713813058091008390e-08 -9.186422737123767226e-06 -4.851834957359028823e-04 1.000787696562606758e-06 -1.595569314546723358e-08
-3.200152905698487411e-09 3.654678306714723733e-09 9.847072159316140940e-09 1.926076053365651102e-08 -3.135771443746264539e-05 -6.076961819371339956e-04 -4.894726662433013842e-08 1.451075440684949007e-08
3.279152146521584400e-09 -3.757084926431915334e-09 -1.034117301673693956e-08 -2.207610477933850955e-08 -7.975642805553196540e-05 -3.291411246972584040e-04 9.612555282247632334e-09 -1.332218107726816184e-08
-3.362136755449428581e-09 3.866586803277790648e-09 1.089473541172284928e-08 2.600485401338685615e-08 -1.432790846091441892e-04 8.405954310606810305e-06 -2.581891702200545883e-09 1.232539910553654088e-08
3.449423939889158667e-09 -3.983975766972704768e-09 -1.151981492947859331e-08 -3.189379521554302330e-08 -1.497448631297452701e-04 1.616281157670654809e-04 4.606172269827521890e-10 -1.147602631782912514e-08
-3.541366773440967979e-09 4.110170572809046982e-09 1.223206639219945316e-08 4.172145218303437548e-08 1.186608170342147174e-05 1.459599171540045470e-04 3.737038760546476364e-10 1.074253460969597575e-08
3.638359492379556092e-09 -4.246243857104489256e-09 -1.305221224653747556e-08 -6.129179723487335103e-08 3.405640356131601132e-04 7.877774396142960597e-05 -7.547384413239567511e-10 -1.010189593983301968e-08
-3.740843790346342391e-09 4.393456323692811764e-09 1.400829680157578312e-08 1.156964378497353955e-07 5.865445813502588807e-04 3.025573643670351708e-05 9.441609196281408919e-10 9.536887023831458925e-09
3.849316303181384777e-09 -4.553300599525053746e-09 -1.513926529510367407e-08 -4.536796056033987627e-07 4.337463989267351149e-04 8.665996837250448986e-06 -1.042129182243228690e-09 -9.034359660550936565e-09
-3.964337577725295043e-09 4.727558081183620480e-09 1.650087437108468043e-08 -2.122295501130612140e-06 -8.411058842749667588e-05 2.063117132785242410e-06 1.092599838444565897e-09 8.584095780183642761e-09
4.086542906702170041e-09 -4.918373494742150228e-09 -1.817591893868496653e-08 -8.911153809927107165e-06 -5.280619603856682607e-04 3.980105636862767142e-07 -1.116877697241140552e-09 -8.178028809285246064e-09
-4.216655452754610694e-09 5.128354038579372908e-09 2.029295211545342270e-08 -3.027865697057439493e-05 -5.446170450638275137e-04 -1.234481429132270835e-07 1.126089055043067381e-09 7.809701456185822134e-09
4.355502274454614185e-09 -5.360703118202620228e-09 -2.306300862214066589e-08 -7.664740962908359620e-05 -2.367026937294109778e-04 6.967495339616552345e-08 -1.126388553128119380e-09 -7.473880131262478416e-09
-4.504034063387167398e-09 5.619403635424812266e-09 2.685822388510994984e-08 -1.368239162522975048e-04 5.737616718861713173e-05 -4.878902260473483303e-08 1.121337334077925430e-09 7.166275558750649007e-09
4.663349601802299900e-09 -5.909473730343538174e-09 -3.240043085670902519e-08 -1.412603950695405985e-04 1.606410371280453169e-04 3.787670918751183814e-08 -1.113070065151027405e-09 -6.883336901209669939e-09
-4.834726325170480248e-09 6.237330772887566673e-09 4.128918561828869826e-08 1.520141094503050594e-05 1.258879065508110729e-04 -3.118094786118590768e-08 1.102902130766287260e-09 6.622097761971993683e-09
5.019658890478770723e-09 -6.611321066513383142e-09 -5.784839137950404461e-08 3.284990868689863968e-04 6.257109363777562825e-05 2.664340208337691873e-08 -1.091661261833425314e-09 -6.380059373269493695e-09
-5.219908307148917849e-09 7.042510399827766144e-09 9.829354943190072180e-08 5.581126328156974523e-04 2.253086536600879355e-05 -2.335544195146236346e-08 1.079876172045457282e-09 6.155100865336731993e-09
5.437565151502413084e-09 -7.545898278943567478e-09 -2.788117342994919342e-07 4.061328165452806303e-04 6.066109765645659323e-06 2.085577112525736089e-08 -1.067887637834340192e-09 -5.945409578169505384e-09
-5.675131890680633540e-09 8.142345379224899307e-09 -1.608448752427319604e-06 -8.823723378002001666e-05 1.463379079849993605e-06 -1.888573449616438756e-08 1.055915876628682166e-09 5.749426342408427652e-09
5.935631435438843704e-09 -8.861752418060324696e-09 -6.740331783277634810e-06 -5.050981698130833485e-04 1.750870487876000866e-07 1.728913098915673641e-08 -1.044102460024408385e-09 -5.565802082529275239e-09
-6.222752221945570787e-09 9.748542815106720105e-09 -2.400855046582114696e-05 -5.141659257536408678e-04 -7.987509237448867977e-08 -1.596604650561209167e-08 1.032536964080481069e-09 5.393363113759308073e-09
6.541045119888517193e-09 -1.087163173632991782e-08 -6.381913430147055904e-05 -2.195449841136652442e-04 5.113088949938935466e-08 1.484956875808242607e-08 -1.021274245823112041e-09 -5.231083161695377501e-09
-6.896195204652666313e-09 1.234372730220079870e-08 -1.214659938957308159e-04 5.747873979420981352e-05 -3.792858391464844856e-08 -1.389317465467708696e-08 1.010345829645436646e-09 5.078060595166451489e-09
7.295403920076411164e-09 -1.436158163352552646e-08 -1.411299611270344428e-04 1.527299033740770623e-04 3.041146752268500671e-08 1.306349208203782820e-08 -9.997674945124432651e-10 -4.933499789199242089e-09
-7.747937887675785780e-09 1.729728841964414848e-08 -2.228048813243860055e-05 1.185904953371603554e-04 -2.555634800796573186e-08 -1.233594256948559869e-08 9.895444146886405303e-10 4.796695783781141024e-09
8.265935948775433184e-09 -2.192073949515703244e-08 2.601019871558484875e-04 5.861006138759124808e-05 2.215328367084501282e-08 1.169201054320772779e-08 -9.796746767189851555e-10 -4.667021532010421400e-09
-8.865628392839341069e-09 2.986706649008853832e-08 5.127024913279354477e-04 2.100873908247725925e-05 -1.962810200390064782e-08 -1.111747220166566005e-08 9.701516745181492207e-10 4.543917263960107284e-09
9.569236902736821952e-09 -3.998552177323190064e-08 4.366826567223414156e-04 5.631960726807589668e-06 1.767429678945853464e-08 1.060121222681833192e-08 -9.609657773475275552e-10 -4.426881581234349853e-09
-1.040804389627909384e-08 -9.869543478787417573e-07 -4.541597748205337456e-07 1.360819074782023706e-06 -1.611355302293162804e-08 -1.013441249381024793e-08 9.521054962678356732e-10 4.315463921529109944e-09
1.142756552979149073e-08 -4.029805029094656221e-06 -4.371917821915211034e-04 1.537424191244528427e-07 1.483510623015023298e-08 9.709983013092307159e-09 -9.435582812921903129e-10 -4.209258178027496590e-09
-1.269672234840432837e-08 -1.565077477960346802e-05 -5.124749198804239621e-04 -7.208856781029092990e-08 -1.376650939750661218e-08 -9.322154648573764791e-09 9.353110673501299674e-10 4.107897275327221287e-09
1.432512704928242167e-08 -4.568170944894266595e-05 -2.595412100478927220e-04 4.651221046706605781e-08 1.285836114155330825e-08 8.966182280105843934e-09 -9.273506708961811184e-10 -4.011048518716690225e-09
-1.649825707139594962e-08 -9.766171603184788065e-05 2.265377041020675468e-05 -3.460598617101124158e-08 -1.207579702834119125e-08 -8.638124922877426285e-09 9.196640483806288820e-10 3.918409597328763927e-09
1.955632780555429132e-08 -1.371260464822056998e-04 1.411876714389629164e-04 2.778109443451771697e-08 1.139349229811884697e-08 8.334680467396643650e-09 -9.122384577353658162e-10 -3.829705148155024626e-09
-2.419541644799307505e-08 -7.585471912910273840e-05 1.213720565824646415e-04 -2.335570001083519698e-08 -1.079259485796646248e-08 -8.053059776485758483e-09 9.050615837835547093e-10 3.744683775866959213e-09
3.208006881327543041e-08 1.508344614067602110e-04 6.372627510644975264e-05 2.024599833279123535e-08 1.025877140731707195e-08 7.790889591022130333e-09 -8.981216067813718213e-10 -3.663115455627672280e-09
-4.826929649172874695e-08 4.306830866605103206e-04 2.396135397807754201e-05 -1.793452738601253435e-08 -9.780922198198427146e-09 -7.546136837682493191e-09 8.914072299671880115e-10 3.584789284047264542e-09
9.600731720280333086e-08 4.801282028210470884e-04 6.723365612494606317e-06 1.614389667759234292e-08 9.350311789649746559e-09 7.317048999893246727e-09 -8.849077073673864774e-10 -3.509511504333828228e-09
-4.407827606354252308e-07 1.524457349099291579e-04 1.604831606587320741e-06 -1.471223774524080493e-08 -8.959966634823932983e-09 -7.102106679935403078e-09 8.786128431760273401e-10 3.437103767371304896e-09
-1.963706696259168449e-06 -3.085661996822442908e-04 2.770321531777713189e-07 1.353876922296192389e-08 8.604248500572462209e-09 6.899985549120397747e-09 -8.725129788808908654e-10 -3.367401615190457955e-09
-8.221959902887517556e-06 -5.055797447907227262e-04 -9.781920828343364610e-08 -1.255745361790278602e-08 -8.278546561066893517e-09 -6.709525588062952790e-09 8.665989807587674936e-10 3.300253134887327309e-09
-2.742527727453970585e-05 -3.389961643733728686e-04 5.753040785328602937e-08 1.172319402999428613e-08 7.979051285889762516e-09 6.529705998101402276e-09 -8.608622234479888812e-10 -3.235517764588850167e-09
-6.808975598653397134e-05 -5.078392614678550179e-05 -4.101304269928402895e-08 -1.100412537132657228e-08 -7.702585786411192575e-09 -6.359624610473729302e-09 8.552945610845230114e-10 3.173065239915745426e-09
-1.184204223531440435e-04 1.162601009841004779e-04 3.214042292825539065e-08 1.037707810278278873e-08 7.446478273536011893e-09 6.198480900661825306e-09 -8.498883047126480493e-10 -3.112774661784245406e-09
-1.160848582178256310e-04 1.288761610359674019e-04 -2.660577263643306465e-08 -9.824789684307597392e-09 -7.208464347208266140e-09 -6.045561843134075139e-09 8.446362053260922176e-10 3.054533646722595976e-09
2.674452571135166193e-05 7.706691249710588142e-05 2.281448405637510873e-08 9.334125672691990079e-09 6.986611238509194997e-09 5.900230087482452429e-09 -8.395314170231535919e-10 -2.998237586930657824e-09
2.955928373893325291e-04 3.194594660690082215e-05 -2.004655290683975683e-08 -8.894908208504419334e-09 -6.779258477368778867e-09 -5.761914038003122117e-09 8.345674815438334414e-10 2.943788989542690380e-09
4.757704134567559539e-04 9.838758894592410505e-06 1.793064098621797813e-08 8.499122898025655541e-09 6.584970950451632913e-09 5.630099450027254833e-09 -8.297383055952308642e-10 -2.891096850421472824e-09
3.235058293843206894e-04 2.368183024551966352e-06 -1.625610470183540334e-08 -8.140368660605136706e-09 -6.402501399149767724e-09 -5.504322300142261191e-09 8.250381323242444693e-10 2.840076140463834238e-09
-1.032454560572041861e-04 5.580310453924338124e-07 1.489460051281409515e-08 7.813467857967049258e-09 6.230760226612452707e-09 5.384162712444408895e-09 -8.204615247385405623e-10 -2.790647310930199222e-09
-4.394333935257085260e-04 -9.147615481950704409e-08 -1.376345368060378552e-08 -7.514184692025475605e-09 -6.068791006704728168e-09 -5.269239747968958319e-09 8.160033467027115718e-10 2.742735835805620706e-09
-4.245778178516567162e-04 4.166761051944251257e-08 1.280698023458125706e-08 7.239018272371526026e-09 5.915750446902500297e-09 5.159206919655065212e-09 -8.116587423176722285e-10 -2.696271847697392638e-09
-1.681232288028444038e-04 -2.644825732507884955e-08 -1.198628075696841921e-08 -6.985048192432618228e-09 -5.770891884751899309e-09 -5.053748327113534695e-09 8.074231124779846386e-10 2.651189749021673374e-09
5.853596938315543347e-05 1.943820867145163176e-08 1.127334078426864656e-08 6.749817681653614455e-09 5.633551639796276702e-09 4.952575305763356955e-09 -8.032921135384700194e-10 -2.607427896895858871e-09
1.297385881601956605e-04 -1.545162083148575309e-08 -1.064745780205917647e-08 -6.531244050736570346e-09 -5.503137623096767581e-09 -4.855423499041880470e-09 7.992616268099397221e-10 2.564928314361713725e-09
9.714893539517310112e-05 1.288254982176209195e-08 1.009299050907023235e-08 6.327549227274665097e-09 5.379119781862862214e-09 4.762050321963457826e-09 -7.953277442645063278e-10 -2.523636396262337122e-09
4.693491929801562235e-05 -1.108605487337126617e-08 -9.597892571483384962e-09 -6.137205330539063086e-09 -5.261022067628310243e-09 -4.672232730225444422e-09 7.914867749821727372e-10 2.483500693714889564e-09
1.651638834622844122e-05 9.755905281770794895e-09 9.152729238243759919e-09 5.958891597401308686e-09 5.148415624343899924e-09 4.585765254932200175e-09 -7.877352040493660444e-10 -2.444472665298077138e-09
4.353352346958921171e-06 -8.728739997377357476e-09 -8.750000837739241142e-09 -5.791459960591082176e-09 -5.040912984436513894e-09 -4.502458286483096263e-09 7.840696971450450213e-10 2.406506473866103204e-09
1.058032275164748278e-06 7.909637006230709293e-09 8.383666842256121728e-09 5.633907323140719680e-09 4.938163122397529733e-09 4.422136548866717407e-09 -7.804870976586199532e-10 -2.369558819077546741e-09
9.004307418107163416e-08 -7.239716966077998650e-09 -8.048804319254652335e-09 -5.485353067495075123e-09 -4.839847205899901213e-09 -4.344637746809499556e-09 7.769843903293318822e-10 2.333588733720250525e-09
-4.818020622990328872e-08 6.680525184664517715e-09 7.741358416101143147e-09 5.345020647331304429e-09 4.745674922815663464e-09 4.269811369555184727e-09 -7.735587185074775405e-10 -2.298557446045100584e-09
3.240412581898057294e-08 -6.205876796090929601e-09 -7.457957123407751430e-09 -5.212222420367069715e-09 -4.655381318267005118e-09 -4.197517632414470918e-09 7.702073616965306826e-10 2.264428233135762273e-09
-2.458309269255804853e-08 5.797317097959482638e-09 7.195771786292347128e-09 5.086347108343089060e-09 4.568724046751195997e-09 4.127626510400878720e-09 -7.669277240935445237e-10 -2.231166273492104245e-09
1.995820610889878285e-08 -5.441457980208633606e-09 -6.952410646259218972e-09 -4.966849322264780334e-09 -4.485480964118723596e-09 -4.060016896471309598e-09 7.637173441989146474e-10 2.198738536036336526e-09
-1.690385350840089426e-08 5.128344902233811589e-09 6.725836602333925834e-09 4.853240776091796437e-09 4.405448041796530698e-09 3.994575849557541084e-09 -7.605738629436503410e-10 -2.167113661873328903e-09
1.473163034317297197e-08 -4.850417681803187449e-09 -6.514303009741767553e-09 -4.745082905565579297e-09 -4.328437528726699329e-09 -3.931197880974681285e-09 7.574950374217692800e-10 2.136261857888468703e-09
-1.310327418242979175e-08 4.601827641620332930e-09 6.316303030337991219e-09 4.641980595019775401e-09 4.254276330507333345e-09 3.869784367752898185e-09 -7.544787311175778687e-10 -2.106154797701249869e-09
1.183389291896773210e-08 -4.377976233019612662e-09 -6.130529287474332487e-09 -4.543576842813940360e-09 -4.182804589067303448e-09 -3.810242989022894296e-09 7.515228915240516965e-10 2.076765537538571100e-09
-1.081406753796669686e-08 4.175195613932211804e-09 5.955841466686935797e-09 4.449548210111570837e-09 4.113874423803365522e-09 3.752487204552247127e-09 -7.486255707507616795e-10 -2.048068427068781044e-09
9.974944233274953538e-09 -3.990522684610863072e-09 -5.791240094893729687e-09 -4.359600908204957522e-09 -4.047348811355313887e-09 -3.696435835010458316e-09 7.457849010241939351e-10 2.020039031115862104e-09
-9.271028945118525201e-09 3.821536116087032972e-09 5.635845133023217496e-09 4.273467419763180893e-09 3.983100589204249737e-09 3.642012621896119656e-09 -7.429990937674077463e-10 -1.992654065348500243e-09
8.671044957280448979e-09 -3.666236771616388084e-09 -5.488878389413049011e-09 -4.190903587525226299e-09 -3.921011583724456700e-09 -3.589145863882756763e-09 7.402664439732569493e-10 1.965891319111528828e-09
-8.152770277889940187e-09 3.522958613840615521e-09 5.349648996682730003e-09 4.111686084776473597e-09 3.860971805220374804e-09 3.537768087244926746e-09 -7.375853137345973478e-10 -1.939729600643293562e-09
7.699972287331066082e-09 -3.390301358603672831e-09 -5.217541311591831334e-09 -4.035610195621036890e-09 -3.802878742401219886e-09 -3.487815710461582679e-09 7.349541374151605369e-10 1.914148677141412246e-09
-7.300509340481526244e-09 3.267078907041571744e-09 5.092004789898946892e-09 3.962487899000416942e-09 3.746636746996490236e-09 3.439228792330946690e-09 -7.323714128099432939e-10 -1.889129218342853150e-09
6.945112114998517930e-09 -3.152279426841992277e-09 -4.972545483842619853e-09 -3.892146172160248494e-09 -3.692156431414937743e-09 -3.391950753702512832e-09 7.298357020090585556e-10 1.864652749912172253e-09
-6.626576762070793025e-09 3.045034090206250455e-09 4.858718838103810611e-09 3.824425498550809355e-09 3.639354178505921003e-09 3.345928139707899190e-09 -7.273456230917533948e-10 -1.840701603509401177e-09
6.339216132292946603e-09 -2.944592336851280899e-09 -4.750123570934660855e-09 -3.759178562228094148e-09 -3.588151680666308769e-09 -3.301110425353202936e-09 7.248998507209201667e-10 1.817258875485074471e-09
-6.078477582964163941e-09 2.850302152421833701e-09 4.646396458106556644e-09 3.696269084161479211e-09 3.538475493120225707e-09 3.257449789175004645e-09 -7.224971155277466153e-10 -1.794308381582195922e-09
5.840671164552955174e-09 -2.761594197987039300e-09 -4.547207858797219870e-09 -3.635570793609530084e-09 -3.490256689365119690e-09 -3.214900948491618809e-09 7.201361919567388995e-10 1.771834624160900436e-09
-5.622772670929194435e-09 2.677968917856673036e-09 4.452257858016485482e-09 3.576966508529100268e-09 3.443430493259376867e-09 3.173420991374020671e-09 -7.178159085123403676e-10 -1.749822753226860014e-09
5.422278510953536376e-09 -2.598986014660949491e-09 -4.361272943555426216e-09 -3.520347332382181362e-09 -3.397935970359772272e-09 -3.132969210881779273e-09 7.155351363226341224e-10 1.728258528656122934e-09
-5.237097120363771732e-09 2.524255799476404632e-09 4.274003121775817569e-09 3.465611912553944561e-09 3.353715757857718027e-09 3.093506974629695092e-09 -7.132927879900447328e-10 -1.707128298540637871e-09
5.065466616137181229e-09 -2.453432010144761503e-09 -4.190219398472103365e-09 -3.412665790517409358e-09 -3.310715776459220857e-09 -3.054997587291188753e-09 7.110878209723300065e-10 1.686418961143479562e-09
-4.905891552355493968e-09 2.386205836473594478e-09 4.109711592501666437e-09 3.361420834082724382e-09 3.268885025422036168e-09 3.017406171668587827e-09 -7.089192292303539877e-10 -1.666117937342840435e-09
4.757093766304441368e-09 -2.322300921722810935e-09 -4.032286414188833806e-09 -3.311794682450723941e-09 -3.228175346491182228e-09 -2.980699551813880231e-09 7.067860440938100496e-10 1.646213150034640686e-09
-4.617973802543059570e-09 2.261469140188911449e-09 3.957765772774157030e-09 3.263710295210803116e-09 3.188541220847715257e-09 2.944846156376990768e-09 -7.046873332931622217e-10 -1.626692996332676783e-09
4.487580335313437625e-09 -2.203487027617605698e-09 -3.885985293238482870e-09 -3.217095526277033489e-09 -3.149939612848848599e-09 -2.909815917763278612e-09 7.026221987710204143e-10 1.607546321453395050e-09
-4.365085693106009330e-09 2.148152748452697369e-09 3.816793003075102383e-09 3.171882712393248461e-09 3.112329773947916501e-09 2.875580178373626933e-09 -7.005897728803102733e-10 -1.588762400075332312e-09
4.249766118252137982e-09 -2.095283501774285152e-09 -3.750048164463326754e-09 -3.128008356875414128e-09 -3.075673105011677791e-09 -2.842111619121180984e-09 6.985892201236614371e-10 1.570330919704303464e-09
-4.140985736099572338e-09 2.044713291189206587e-09 3.685620238354060891e-09 3.085412788755867232e-09 3.039933017389518983e-09 2.809384170769862618e-09 -6.966197356567034216e-10 -1.552241951917832735e-09
4.038183416456428299e-09 -1.996291012343138072e-09 -3.623387975455754195e-09 -3.044039878286660020e-09 -3.005074791307152868e-09 -2.777372946277508164e-09 6.946805397747691111e-10 1.534485940203056763e-09
-3.940861935272433189e-09 1.949878795909052055e-09 3.563238578332532588e-09 3.003836789866291434e-09 2.971065465844424144e-09 2.746054177339139522e-09 -6.927708816120577286e-10 -1.517053684845344961e-09
3.848579006076937018e-09 -1.905350560546875422e-09 -3.505066972631659941e-09 -2.964753714624047475e-09 -2.937873722961261445e-09 -2.715405145993548986e-09 6.908900364418130622e-10 1.499936319502824993e-09
-3.760939782490492649e-09 1.862590769478998424e-09 3.448775162105962656e-09 2.926743680640706001e-09 2.905469790000749004e-09 2.685404128840946920e-09 -6.890373030883111787e-10 -1.483125302346350516e-09
3.677590560764660572e-09 -1.821493330450960910e-09 -3.394271607138816632e-09 -2.889762339048574624e-09 -2.873825336199998145e-09 -2.656030344782917786e-09 6.872120030306752665e-10 1.466612397243701958e-09
-3.598213483598199598e-09 1.781960633537135173e-09 3.341470717768634330e-09 2.853767772453836615e-09 2.842913394213553881e-09 2.627263901709372754e-09 -6.854134824852767719e-10 -1.450389663210080881e-09
3.522522043877183653e-09 -1.743902712722443737e-09 -3.290292370073538247e-09 -2.818720352925938904e-09 -2.812708276575423552e-09 -2.599085746924606441e-09 6.836411089833521286e-10 1.434449439163779680e-09
-3.450257246983715248e-09 1.707236498373272099e-09 3.240661449923309916e-09 2.784582562361960207e-09 2.783185490742781877e-09 2.571477629088093640e-09 -6.818942672610252931e-10 -1.418784330974846197e-09
3.381184339186617587e-09 -1.671885159317676964e-09 -3.192507492553892800e-09 -2.751318862506679707e-09 -2.754321684712577088e-09 -2.544422051333874254e-09 6.801723665973624099e-10 1.403387204487197556e-09
-3.315089999682198838e-09 1.637777518707259618e-09 3.145764301825754938e-09 2.718895569781892846e-09 2.726094569375772216e-09 2.517902230480690751e-09 -6.784748331765545436e-10 -1.388251166473339529e-09
3.251779900952741752e-09 -1.604847542332675690e-09 -3.100369633703415322e-09 -2.687280722793610769e-09 -2.698482859588649175e-09 -2.491902068095895542e-09 6.768011096308321483e-10 1.373369562293349034e-09
-3.191076614179095644e-09 1.573033865835145170e-09 3.056264912540563764e-09 2.656443981712089671e-09 2.671466224463885752e-09 2.466406109587157265e-09 -6.751506596550887770e-10 -1.358735961895727357e-09
3.132817791517347258e-09 -1.542279388652743996e-09 -3.013394938828885295e-09 -2.626356521746575965e-09 -2.645025225926374088e-09 -2.441399511382493381e-09 6.735229608386808210e-10 1.344344147282398198e-09
-3.076854557897736836e-09 1.512530913659462817e-09 2.971707672978213368e-09 2.596990941232488146e-09 2.619141273519107760e-09 2.416868015511045931e-09 -6.719175082512187594e-10 -1.330188111982708493e-09
3.023050131586724092e-09 -1.483738792480731484e-09 -2.931153993172878658e-09 -2.568321169254031690e-09 -2.593796578482050725e-09 -2.392797918991074249e-09 6.703338120377965741e-10 1.316262044477609876e-09
-2.971278605055814829e-09 1.455856653468853184e-09 2.891687487810855503e-09 2.540322390837117811e-09 2.568974110820220279e-09 2.369176043495465526e-09 -6.687713972006373685e-10 -1.302560322867006221e-09
2.921423857866108793e-09 -1.428841125076690548e-09 -2.853264290356421384e-09 -2.512970970265864366e-09 -2.544657555444130379e-09 -2.345989712977258598e-09 6.672298035340043859e-10 1.289077509112797850e-09
-2.873378619104887916e-09 1.402651579289096495e-09 2.815842880943568312e-09 2.486244374311715045e-09 2.520831278784424366e-09 2.323226733453458545e-09 -6.657085834500527222e-10 -1.275808339291525193e-09
2.827043629677982340e-09 -1.377249942521330173e-09 -2.779383942567007117e-09 -2.460121120063326885e-09 -2.497480293813716413e-09 -2.300875362270297310e-09 6.642073041414795963e-10 1.262747716503461420e-09
-2.782326888774505295e-09 1.352600470990898565e-09 2.743850217793849686e-09 2.434580704388783652e-09 2.474590219901134526e-09 2.278924291854984068e-09 -6.627255440344609728e-10 -1.249890705871372582e-09
2.739142996159775789e-09 -1.328669584798880790e-09 -2.709206364301993395e-09 -2.409603550008388363e-09 -2.452147259963948833e-09 -2.257362631604881431e-09 6.612628948593503674e-10 1.237232527662434921e-09
-2.697412572285812465e-09 1.305425708188817559e-09 2.675418839961472877e-09 2.385170957943319715e-09 2.430138169199541418e-09 2.236179883661552110e-09 -6.598189596667649360e-10 -1.224768549047078891e-09
2.657061712976009616e-09 -1.282839102068843449e-09 -2.642455785904790971e-09 -2.361265053173561685e-09 -2.408550222243315547e-09 -2.215365928400347092e-09 6.583933527517171936e-10 1.212494283305235323e-09
-2.618021525643380763e-09 1.260881758744248091e-09 2.610286921912749308e-09 2.337868740985783070e-09 2.387371192857232305e-09 2.194911006212038441e-09 -6.569857000612809489e-10 -1.200405377453246231e-09
2.580227720070210334e-09 -1.239527251636266351e-09 -2.578883445812539136e-09 -2.314965665677700332e-09 -2.366589331229028166e-09 -2.174805704111545627e-09 6.555956368137656342e-10 1.188497614148092690e-09
-2.543620196531582901e-09 1.218750630133800878e-09 2.548217948886281421e-09 2.292540170668493206e-09 2.346193334651340693e-09 2.155040935267359418e-09 -6.542228104155360909e-10 -1.176766901957796618e-09
