-2.474758092544222083e-10 5.881720313425155740e-10 6.404368563258758754e-10 4.334453901140610991e-10 6.831475538333767548e-10 1.137052091274386631e-09 8.797637980746869158e-11 -8.682086625373575765e-10
2.492412410169304703e-10 -5.894660640979766845e-10 -6.429271670728063141e-10 -4.359108865281968567e-10 -6.873455753290693482e-10 -1.142369429555222710e-09 -8.589350493992497479e-11 8.705191414001437077e-10
-2.510181147065045381e-10 5.907680151899284917e-10 6.454319430491265714e-10 4.383914961485654204e-10 6.915818403432457622e-10 1.147738412268359773e-09 8.377885797664403234e-11 -8.728365244361062052e-10
2.528065455991007514e-10 -5.920779516236468246e-10 -6.479512760569722285e-10 -4.408873209330917514e-10 -6.958569342332443202e-10 -1.153159883955435890e-09 -8.163167108892956266e-11 8.751605424497570418e-10
-2.546066518684545720e-10 5.933959401340981229e-10 6.504852560160143159e-10 4.433984616575604540e-10 7.001714562611638586e-10 1.158634707813513333e-09 7.945115445302190416e-11 -8.774909032697336166e-10
2.564185511032730103e-10 -5.947220465481103927e-10 -6.530339728499307270e-10 -4.459250206725094954e-10 -7.045260169393948196e-10 -1.164163767254730941e-09 -7.723648873498349916e-11 8.798272950705972769e-10
-2.582423631795696717e-10 5.960563394563338249e-10 6.555975161119680245e-10 4.484670980392114842e-10 7.089212414326741436e-10 1.169747968966660618e-09 7.498682872582019637e-11 -8.821693872594121158e-10
2.600782107112995194e-10 -5.973988861344793693e-10 -6.581759714637063648e-10 -4.510247912942779203e-10 -7.133577708254583171e-10 -1.175388240546941363e-09 -7.270130092394334033e-11 8.845168254173700906e-10
-2.619262159196957362e-10 5.987497536894734259e-10 6.607694262908449247e-10 4.535981989232246791e-10 7.178362586194156656e-10 1.181085532025397477e-09 7.037899869125862727e-11 -8.868692321729237927e-10
2.637865027447758310e-10 -6.001090113998098783e-10 -6.633779666470243100e-10 -4.561874174102653557e-10 -7.223573736198764100e-10 -1.186840818711128054e-09 -6.801898877822982045e-11 8.892262053825009186e-10
-2.656591990613345116e-10 6.014767271982193107e-10 6.660016727149740373e-10 4.587925403690106147e-10 7.269218031597988826e-10 1.192655099275982442e-09 6.562030202531338933e-11 -8.915873175226812017e-10
2.675444313866247545e-10 -6.028529692075514991e-10 -6.686406286484530464e-10 -4.614136611196486509e-10 -7.315302471499983474e-10 -1.198529397683446171e-09 -6.318193401407261721e-11 8.939521116014802819e-10
-2.694423281549006352e-10 6.042378072105496286e-10 6.712949146637942395e-10 4.640508712245186948e-10 7.361834237221599035e-10 1.204464764817472077e-09 6.070284958272296103e-11 -8.963201026832428955e-10
2.713530226783840536e-10 -6.056313096811586319e-10 -6.739646060371564373e-10 -4.667042585024234202e-10 -7.408820697216263730e-10 -1.210462278247256599e-09 -5.818197086305591345e-11 8.986907753655697467e-10
-2.732766456831259787e-10 6.070335451195814630e-10 6.766497811816915984e-10 4.693739103242869039e-10 7.456269371404896192e-10 1.216523044409931198e-09 5.561818290094253884e-11 -9.010635783938601087e-10
2.752133306793140859e-10 -6.084445840180705144e-10 -6.793505123750586017e-10 -4.720599110904390457e-10 -7.504187981188965850e-10 -1.222648197293197812e-09 -5.301033212204868094e-11 9.034379286470220482e-10
-2.771632159936220216e-10 6.098644948992618784e-10 6.820668703942981983e-10 4.747623414018037561e-10 7.552584440525942029e-10 1.228838902690378192e-09 5.035721787605283144e-11 -9.058132053009654327e-10
2.791264375519940385e-10 -6.112933463154378003e-10 -6.847989246196201904e-10 -4.774812808964369338e-10 -7.601466851828595698e-10 -1.235096359145748168e-09 -4.765759762920521685e-11 9.081887462397498026e-10
-2.811031332982274681e-10 6.127312092235541233e-10 6.875467385881595730e-10 4.802168046233089358e-10 7.650843519866927717e-10 1.241421792602395770e-09 4.491018175757804049e-11 -9.105638503530553616e-10
2.830934471265341618e-10 -6.141781517796404921e-10 -6.903103765665766652e-10 -4.829689842224613550e-10 -7.700722982800279649e-10 -1.247816467530889788e-09 -4.211362964394404630e-11 9.129377708683660857e-10
-2.850975205599134832e-10 6.156342424961421339e-10 6.930898963641562601e-10 4.857378888189559977e-10 7.751113967343085771e-10 1.254281685378944978e-09 3.926655001752562683e-11 -9.153097140744116623e-10
2.871154957872054843e-10 -6.170995518096984342e-10 -6.958853523881357026e-10 -4.885235824660860797e-10 -7.802025443707400496e-10 -1.260818774865808368e-09 -3.636749822525171379e-11 9.176788369784861165e-10
-2.891475218133111088e-10 6.185741475327877684e-10 6.986967983173370900e-10 4.913261249840976631e-10 7.853466630761858421e-10 1.267429111477065816e-09 3.341497096316228479e-11 -9.200442427981149490e-10
2.911937472016947861e-10 -6.200580978469566486e-10 -7.015242789798260660e-10 -4.941455721729537441e-10 -7.905446953642969274e-10 -1.274114111046530263e-09 -3.040740527538251012e-11 9.224049791644453157e-10
-2.932543186775476917e-10 6.215514716124632060e-10 7.043678380272917118e-10 4.969819747538607073e-10 7.957976134898443836e-10 1.280875218193434267e-09 2.734317740388178891e-11 -9.247600330856293045e-10
2.953293885891421611e-10 -6.230543362896848078e-10 -7.072275140573466706e-10 -4.998353769498528634e-10 -8.011064125216955324e-10 -1.287713934375282746e-09 -2.422059450762819384e-11 9.271083284760288284e-10
-2.974191138009184462e-10 6.245667587409373118e-10 7.101033383317605952e-10 5.027058189174652224e-10 8.064721163371238320e-10 1.294631801324782960e-09 2.103789553317952227e-11 -9.294487202220086758e-10
2.995236467148295955e-10 -6.260888061295012790e-10 -7.129953392980419612e-10 -5.055933339443249879e-10 -8.118957785155879715e-10 -1.301630397298331655e-09 -1.779324691673224272e-11 9.317799923904088877e-10
-3.016431422306494096e-10 6.276205446777889542e-10 7.159035378885499668e-10 5.084979471095160111e-10 8.173784776886306957e-10 1.308711365424845653e-09 1.448473607133810302e-11 -9.341008510914980837e-10
3.037777646619170462e-10 -6.291620390299916783e-10 -7.188279490626209969e-10 -5.114196797125552534e-10 -8.229213285338447164e-10 -1.315876387017092884e-09 -1.111037008390275963e-11 9.364099195773261452e-10
-3.059276732164158756e-10 6.307133544845245558e-10 7.217685812599788412e-10 5.143585421790418670e-10 8.285254746190014752e-10 1.323127196008931813e-09 7.668070069605305056e-12 -9.387057351953106634e-10
3.080930268677246583e-10 -6.322745546300948117e-10 -7.247254357602917599e-10 -5.173145375639060553e-10 -8.341920912380446301e-10 -1.330465593061730308e-09 -4.155666795490787634e-12 9.409867402645340445e-10
-3.102739953607166283e-10 6.338457015025997551e-10 7.276985058242862443e-10 5.202876622781083341e-10 8.399223925139427377e-10 1.337893419141995487e-09 5.708939151229360452e-13 -9.432512779008996792e-10
3.124707445312079683e-10 -6.354268574059531398e-10 -7.306877763682330413e-10 -5.232778992329765410e-10 -8.457176248575058551e-10 -1.345412586432901449e-09 3.088614487216748265e-12 9.454975837503186789e-10
-3.146834396006512764e-10 6.370180824625088942e-10 7.336932249713209977e-10 5.262852252634179172e-10 8.515790728141776971e-10 1.353025071282257739e-09 -6.825330936406500041e-12 -9.477237800883294438e-10
3.169122547655014409e-10 -6.386194351924399289e-10 -7.367148170987617107e-10 -5.293096036634638003e-10 -8.575080619398173368e-10 -1.360732902948673693e-09 1.064184411895470456e-11 9.499278670084511356e-10
-3.191573621692437143e-10 6.402309734676543997e-10 7.397525109529834805e-10 5.323509864962053991e-10 8.635059564322265473e-10 1.368538193092759978e-09 -1.454085875992816622e-11 -9.521077126746972655e-10
3.214189335302322186e-10 -6.418527532578022035e-10 -7.428062533877743292e-10 -5.354093160215231444e-10 -8.695741635262511500e-10 -1.376443119138677608e-09 1.852520835169996707e-11 9.542610462912799869e-10
-3.236971481298988528e-10 6.434848278761577813e-10 7.458759772725871972e-10 5.384845158521403094e-10 8.757141360646145181e-10 1.384449931192137879e-09 -2.259786213851937936e-11 -9.563854470972235079e-10
3.259921839761482445e-10 -6.451272497499544436e-10 -7.489616082152341680e-10 -5.415765005753438478e-10 -8.819273726145748582e-10 -1.392560964498384498e-09 2.676193008165136909e-11 9.584783316770718701e-10
-3.283042190866722227e-10 6.467800691560743727e-10 7.520630544717054351e-10 5.446851679465886482e-10 8.882154192280799405e-10 1.400778632772304191e-09 -3.102067507358714586e-11 -9.605369441789847907e-10
3.306334384638525473e-10 -6.484433326650687445e-10 -7.551802115813918768e-10 -5.478103957331508515e-10 -8.945798754710473964e-10 -1.409105439513446016e-09 3.537752101144341881e-11 9.625583447853540788e-10
-3.329800254847715034e-10 6.501170858288638900e-10 7.583129629146215459e-10 5.509520503820572269e-10 9.010223925159143495e-10 1.417543977429520525e-09 -3.983606432431530475e-11 -9.645393896555934595e-10
3.353441644933093227e-10 -6.518013712225684636e-10 -7.614611714684211725e-10 -5.541099751848769914e-10 -9.075446763309619286e-10 -1.426096938103033199e-09 4.440008227759290070e-11 9.664767229625254694e-10
-3.377260461830029428e-10 6.534962270715731387e-10 7.646246877280059640e-10 5.572839931693018331e-10 9.141484947922407761e-10 1.434767114971656315e-09 -4.907354792118648761e-11 -9.683667574827329327e-10
3.401258592666096817e-10 -6.552016898210778896e-10 -7.678033415424962819e-10 -5.604739093272553257e-10 -9.208356744925927952e-10 -1.443557404264571757e-09 5.386064232019663037e-11 9.702056515101424524e-10
-3.425437943060969901e-10 6.569177925478378002e-10 7.709969437183472957e-10 5.636795019779122055e-10 9.276081066685171813e-10 1.452470821422618701e-09 -5.876576671644733299e-11 -9.719892992379121478e-10
3.449800473373217354e-10 -6.586445625983498298e-10 -7.742052876261188885e-10 -5.669005260022945813e-10 -9.344677526317122245e-10 -1.461510497168474949e-09 6.379356036745299601e-11 9.737133004061177204e-10
-3.474348125855981928e-10 6.603820249090807250e-10 7.774281390643487733e-10 5.701367102563322947e-10 9.414166432399210472e-10 1.470679687908524069e-09 -6.894891475587036551e-11 -9.753729383562392804e-10
3.499082862778196619e-10 -6.621302007802778478e-10 -7.806652457186226364e-10 -5.733877548373286769e-10 -9.484568842260988455e-10 -1.479981786117806883e-09 7.423699291780340789e-11 9.769631596171414381e-10
-3.524006697416290806e-10 6.638891031722452926e-10 7.839163292536790907e-10 5.766533285439402470e-10 9.555906621348187948e-10 1.489420323119058818e-09 -7.966324814526015371e-11 -9.784785366925973433e-10
3.549121623855946496e-10 -6.656587436295402388e-10 -7.871810804781612842e-10 -5.799330683770171566e-10 -9.628202466560637137e-10 -1.498998980749507835e-09 8.523344511308847973e-11 9.799132439212769279e-10
-3.574429655937626848e-10 6.674391271362229382e-10 7.904591679208753287e-10 5.832265767768118785e-10 9.701479934014114968e-10 1.508721597768978114e-09 -9.095368304826109670e-11 -9.812610197544890463e-10
3.599932858830133057e-10 -6.692302498035498271e-10 -7.937502257387777974e-10 -5.865334164180093091e-10 -9.775763540030555029e-10 -1.518592184119103249e-09 9.683042066682050982e-11 9.825151281346966068e-10
-3.625633271114790803e-10 6.710321063486820859e-10 7.970538549652341795e-10 5.898531117199082409e-10 9.851078780089741866e-10 1.528614926070618291e-09 -1.028705043878146954e-10 -9.836683195157169131e-10
3.651532957071984486e-10 -6.728446797750422226e-10 -8.003696249048287164e-10 -5.931851429014041971e-10 -9.927452160278765435e-10 -1.538794200362991164e-09 1.090811966593775049e-10 9.847127811656008614e-10
-3.677634023283609418e-10 6.746679474019949327e-10 8.036970646731731655e-10 5.965289427270423639e-10 1.000491133002479088e-09 1.549134588531362516e-09 -1.154702104270689766e-10 -9.856400878100313749e-10
3.703938549639587155e-10 -6.765018809535373007e-10 -8.070356642743243336e-10 -5.998838950705721355e-10 -1.008348509416331349e-09 -1.559640885334285933e-09 1.220457451750857795e-10 9.864411433989805409e-10
-3.730448644818539051e-10 6.783464368014442575e-10 8.103848712110025796e-10 6.032493290681581619e-10 1.016320348122123375e-09 1.570318118472156372e-09 -1.288165253252223475e-10 -9.871061201264651624e-10
3.757166443097679958e-10 -6.802015691517698663e-10 -8.137440870254732465e-10 -6.066245158392325017e-10 -1.024409785789511589e-09 -1.581171560683108654e-09 1.357918450306229524e-10 9.876243826689019872e-10
-3.784094067569753849e-10 6.820672188501797877e-10 8.171126631852501764e-10 6.100086640639043033e-10 1.032620099707705730e-09 1.592206749542655999e-09 -1.429816164741771592e-10 -9.879844155569523444e-10
3.811233647808021220e-10 -6.839433127183295034e-10 -8.204898992022141769e-10 -6.134009156050624695e-10 -1.040954715172334832e-09 -1.603429505006358001e-09 1.503964229021753222e-10 9.881737315753325762e-10
-3.838587349128093277e-10 6.858297724376070778e-10 8.238750384407175856e-10 6.168003385055697466e-10 1.049417216019549304e-09 1.614845949644340061e-09 -1.580475759211302764e-10 -9.881787704683826410e-10
3.866157315443235165e-10 -6.877265017227260309e-10 -8.272672612116129815e-10 -6.202059233267344050e-10 -1.058011359487852787e-09 -1.626462534070323859e-09 1.659471848841081476e-10 9.879847964470938476e-10
-3.893945684407351550e-10 6.896333917554328018e-10 8.306656851876411620e-10 6.236165770245711891e-10 1.066741080972120680e-09 1.638286056459819966e-09 -1.741082254086477825e-10 -9.875757618718635577e-10
3.921954651902113834e-10 -6.915503202636281833e-10 -8.340693565164025087e-10 -6.270311124621769575e-10 -1.075610510918425839e-09 -1.650323695952417787e-09 1.825446211995862441e-10 9.869341752551923638e-10
-3.950186341976879686e-10 6.934771484160867381e-10 8.374772447954296708e-10 6.304482467734884355e-10 1.084623990385972311e-09 1.662583038363265331e-09 -1.912713379151323411e-10 -9.860409402825761559e-10
3.978642908341954059e-10 -6.954137191668936799e-10 -8.408882406107907806e-10 -6.338665896876796715e-10 -1.093786080922225645e-09 -1.675072108535064146e-09 2.003044771441474810e-10 9.848751672179765389e-10
-4.007326542464541362e-10 6.973598575398945022e-10 8.443011453894902991e-10 6.372846335268875556e-10 1.103101585405401192e-09 1.687799412783247447e-09 -2.096613970050474835e-10 -9.834139785170293215e-10
4.036239328624852169e-10 -6.993153710624108985e-10 -8.477146660775910969e-10 -6.407007477478706063e-10 -1.112575565829841953e-09 -1.700773971300592016e-09 2.193608327639515416e-10 9.816322681641508305e-10
-4.065383425569198316e-10 7.012800401334009210e-10 8.511274090287425965e-10 6.441131655771828475e-10 1.122213361678503805e-09 1.714005368207417526e-09 -2.294230435996597770e-10 -9.795024274494539779e-10
4.094760970907930306e-10 -7.032536270885122883e-10 -8.545378702200848968e-10 -6.475199722295558681e-10 -1.132020612156553756e-09 -1.727503800575221452e-09 2.398699748528752907e-10 9.769940490756360080e-10
-4.124374008755111968e-10 7.052358679725508952e-10 8.579444262353772886e-10 6.509190928837546277e-10 1.142003283543455750e-09 1.741280132088174617e-09 -2.507254328282279487e-10 -9.740735622009876773e-10
4.154224654795576691e-10 -7.072264678501959885e-10 -8.613453266144428195e-10 -6.543082801454154333e-10 -1.152167692789232564e-09 -1.755345956400777857e-09 2.620153065982176474e-10 9.707038214674684778e-10
-4.184314956876415633e-10 7.092251077362746418e-10 8.647386821951210039e-10 6.576850957775245450e-10 1.162520536381521737e-09 1.769713665618941794e-09 -2.737677892171210152e-10 -9.668436393785032495e-10
4.214646899617354689e-10 -7.112314339559684230e-10 -8.681224518911764708e-10 -6.610468955197999143e-10 -1.173068929821153164e-09 -1.784396529736173029e-09 2.860136524779703334e-10 9.624472198144325178e-10
-4.245222493169750395e-10 7.132450575046946110e-10 8.714944339964836753e-10 6.643908102915893424e-10 1.183820437376396973e-09 1.799408780373709693e-09 -2.987865663765001526e-10 -9.574635173952910576e-10
4.276043668124016887e-10 -7.152655534445521038e-10 -8.748522490103095475e-10 -6.677137248154671841e-10 -1.194783114299477907e-09 -1.814765714085965805e-09 3.121234328150986261e-10 9.518354718337255973e-10
-4.307112292393706728e-10 7.172924582533999783e-10 8.781933253246522285e-10 6.710122550500428318e-10 1.205965558810593890e-09 1.830483799493774814e-09 -3.260648109720082869e-10 -9.454991066112160389e-10
4.338430215464804166e-10 -7.193252588867878954e-10 -8.815148833445832252e-10 -6.742827213908219892e-10 -1.217376955816068650e-09 -1.846580807047191795e-09 3.406553937032387771e-10 9.383824664868397182e-10
-4.369999201856224271e-10 7.213633986535623693e-10 8.848139159060844767e-10 6.775211230688134772e-10 1.229027136403691379e-09 1.863075951212501291e-09 -3.559445387487505877e-10 -9.304043399126595611e-10
4.401820924989675638e-10 -7.234062727084725491e-10 -8.880871695922127674e-10 -6.807231029233634649e-10 -1.240926647142911280e-09 -1.879990053124297005e-09 3.719869333464055400e-10 9.214727402240285598e-10
-4.433897015523348697e-10 7.254532072134608939e-10 8.913311187336088031e-10 6.838839139089697483e-10 1.253086820147264372e-09 1.897345735498461512e-09 -3.888433381892636540e-10 -9.114830637202826725e-10
4.466228984260287864e-10 -7.275034808406449552e-10 -8.945419446492077715e-10 -6.869983806246132066e-10 -1.265519851684047438e-09 -1.915167627095509242e-09 4.065814677362128272e-10 9.003158607902902316e-10
-4.498818230426259358e-10 7.295563006022666582e-10 8.977155065055551677e-10 6.900608517391804858e-10 1.278238904225743546e-09 1.933482622836899781e-09 -4.252770558301429694e-10 -8.878341145357763683e-10
4.531666070076835871e-10 -7.316107916640658354e-10 -9.008473077190551033e-10 -6.930651528290433816e-10 -1.291258213312096348e-09 -1.952320170247697857e-09 4.450150875865450798e-10 8.738798885808360135e-10
-4.564773655479321999e-10 7.336660158300237793e-10 9.039324660310482908e-10 6.960045294489250299e-10 1.304593198905755986e-09 1.971712594865859106e-09 -4.658913016410063236e-10 -8.582701736340185746e-10
4.598142002642948372e-10 -7.357209340238742965e-10 -9.069656735627047077e-10 -6.988715830891368039e-10 -1.318260619061672810e-09 -1.991695507003364641e-09 4.880139826262643238e-10 8.407916991277699661e-10
-4.631771980439275249e-10 7.377744171853861025e-10 9.099411524760557872e-10 7.016582000552591594e-10 1.332278727662713294e-09 2.012308253126457248e-09 -5.115061287916305229e-10 -8.211943873029234819e-10
4.665664252816108174e-10 -7.398252341183357810e-10 -9.128526089150421473e-10 -7.043554695007161801e-10 -1.346667457508628486e-09 -2.033594449899555021e-09 5.365081049263275485e-10 7.991830124011527995e-10
-4.699819294072182601e-10 7.418720308254175693e-10 9.156931803674720601e-10 7.069535920782763902e-10 1.361448637554576000e-09 2.055602640197644042e-09 -5.631808778246009169e-10 -7.744064820745822644e-10
4.734237358194746976e-10 -7.439133397049545585e-10 -9.184553715029588453e-10 -7.094417716448828813e-10 -1.376646247440920362e-09 -2.078387043449921295e-09 5.917100349615394802e-10 7.464438731825131268e-10
-4.768918441459185879e-10 7.459475416206972441e-10 9.211309890785592283e-10 7.118080971924896094e-10 1.392286716802306101e-09 2.102008467395371486e-09 -6.223107754428641595e-10 -7.147860317707844828e-10
4.803862261356172056e-10 -7.479728713095440775e-10 -9.237110649906358981e-10 -7.140394019539614545e-10 -1.408399254099661783e-09 -2.126535417830404771e-09 6.552341903917017346e-10 6.788109989951128307e-10
-4.839068236883221851e-10 7.499873994299673102e-10 9.261857653876260768e-10 7.161211034552495790e-10 1.425016270892355659e-09 2.152045414338192824e-09 -6.907752352032026436e-10 -6.377506651167219674e-10
4.874535438657579292e-10 -7.519889978674321148e-10 -9.285442953426386670e-10 -7.180370202908300810e-10 -1.442173867540906466e-09 -2.178626624473481045e-09 7.292829367455650564e-10 5.906447913986072948e-10
-4.910262548471708074e-10 7.539753438159905878e-10 9.307747834577585550e-10 7.197691537050213989e-10 1.459912390818254790e-09 2.206379855208626800e-09 -7.711736358583091728e-10 -5.362763956227914192e-10
4.946247842953127483e-10 -7.559438819875761423e-10 -9.328641514889690485e-10 -7.212974430239048835e-10 -1.478277145128608787e-09 -2.235421017642225594e-09 8.169483516767737333e-10 4.730790444473379573e-10
-4.982489111542719338e-10 7.578917988071242973e-10 9.347979678891272786e-10 7.225994665482356707e-10 1.497319226660324077e-09 2.265884218349084207e-09 -8.672158723516515649e-10 -3.990006630471295913e-10
5.018983624734740641e-10 -7.598160032721896413e-10 -9.365602743420080199e-10 -7.236501035991441250e-10 -1.517096521297190913e-09 -2.297925634671574388e-09 9.227239019429321740e-10 3.112980153764777607e-10
-5.055728075024763596e-10 7.617130857216570165e-10 9.381333903318228317e-10 7.244211271688789537e-10 1.537674962375273835e-09 2.331728459003623664e-09 -9.844017660233807571e-10 -2.062168647570005274e-10
5.092718492386080710e-10 -7.635792820729041325e-10 -9.394976810564445937e-10 -7.248807185942706400e-10 -1.559130053322649057e-09 -2.367509244634077707e-09 1.053420025644072475e-09 7.847605262777755145e-11
-5.129950199725336036e-10 7.654104330873726399e-10 9.406312943675540061e-10 7.249929049688110633e-10 1.581548756033281471e-09 2.405526157758407047e-09 -1.131275378230919517e-09 7.960046073459815983e-11
5.167417692349090551e-10 -7.672019351275827188e-10 -9.415098466664202992e-10 -7.247168590968514587e-10 -1.605031878967412955e-09 -2.446089839242758220e-09 1.219914357420685582e-09 -2.796190475359671660e-10
-5.205114565659329946e-10 7.689486795378649761e-10 9.421060565195159687e-10 7.240060792354883241e-10 1.629697067842953097e-09 2.489577894042606094e-09 -1.321918238497271464e-09 5.400035124222877043e-10
5.243033418641694133e-10 -7.706449928978170033e-10 -9.423893182956391810e-10 -7.228073869506882806e-10 -1.655682642910801414e-09 -2.536454517283731743e-09 1.440787714375927797e-09 -8.918504343845019895e-10
-5.281165696108566597e-10 7.722845589766939239e-10 9.423251849448015629e-10 7.210596867769761023e-10 1.683152538161745840e-09 2.587297514824839276e-09 -1.581396365194791085e-09 1.392007147462355832e-09
5.319501572686989357e-10 -7.738603282061497316e-10 -9.418747660365358942e-10 -7.186924699014889601e-10 -1.712302750899226823e-09 -2.642836207366523093e-09 1.750742429129227552e-09 -2.156246246674214796e-09
-5.358029813802501026e-10 7.753644204438568874e-10 9.409939962963353144e-10 7.156239402376152107e-10 1.743369877125095970e-09 2.704005692504505285e-09 -1.959255631823734197e-09 3.459593224444369793e-09
5.396737557152891694e-10 -7.767879996142224487e-10 -9.396327617428901079e-10 -7.117586643492892508e-10 -1.776642538219453532e-09 -2.772026376678259790e-09 2.223202809047477786e-09 -6.129518436671219065e-09
-5.435610119440629168e-10 7.781211341640008017e-10 9.377338371629493468e-10 7.069846379491135803e-10 1.812476962768640133e-09 2.848523639935553619e-09 -2.569440278257447856e-09 1.390259447322272785e-08
5.474630796427609171e-10 -7.793526280308159358e-10 -9.352315895119304917e-10 -7.011695221446674680e-10 -1.851318559443817786e-09 -2.935713428461093094e-09 3.045679451566550215e-09 -6.776440955272176620e-08
-5.513780536123242165e-10 7.804698222473343522e-10 9.320503958387709680e-10 6.941558084102425712e-10 1.893732382139189658e-09 3.036700373845137768e-09 -3.745406516909777310e-09 -3.167763469039524379e-07
5.553037650516295700e-10 -7.814583530842052620e-10 -9.281026637474279145e-10 -6.857545435153314819e-10 -1.940447098384368778e-09 -3.155976662514090675e-09 4.878810273196473826e-09 -1.316966472893067262e-06
-5.592377479746159384e-10 7.823018664393575579e-10 9.232863868137855529e-10 6.757370325215366299e-10 1.992419979334272579e-09 3.300298501867257875e-09 -7.026982307666719345e-09 -4.424390977523585931e-06
5.631771913227150563e-10 -7.829816709308382484e-10 -9.174820551384729022e-10 -6.638237827581863700e-10 -2.050935680860275427e-09 -3.480318876924039357e-09 1.245635000611590700e-08 -1.103651274270025820e-05
-5.671188937001747354e-10 7.834763074659092079e-10 9.105487185540648277e-10 6.496694971364609206e-10 2.117761248487596534e-09 3.713855712029176150e-09 -3.891668290851126185e-08 -1.934013392137517740e-05
5.710592059071254119e-10 -7.837610385128428626e-10 -9.023189616729970479e-10 -6.328423853338817698e-10 -2.195398521313404109e-09 -4.033048119689293328e-09 -2.100563828105227247e-07 -1.923482532743032929e-05
-5.749939595445861573e-10 7.838071958906190795e-10 8.925923557475377627e-10 6.127951156112401995e-10 2.287513491573328264e-09 4.501925403471929078e-09 -8.805613529777954311e-07 3.752362913949394229e-06
5.789183899026579709e-10 -7.835813845429169135e-10 -8.811268511172454169e-10 -5.888231389339961810e-10 -2.399705876576460774e-09 -5.266348358765259901e-09 -3.096482129843075389e-06 4.776965380922812106e-05
-5.828270398260323262e-10 7.830444762208508551e-10 8.676273401116050397e-10 5.600035243196518214e-10 2.540979069142584117e-09 6.722419715606555937e-09 -8.118640408030136283e-06 7.802445834867690797e-05
5.867136449050261591e-10 -7.821503277889055404e-10 -8.517301611551873010e-10 -5.251027212333468641e-10 -2.726779424328223246e-09 -1.000005792961664974e-08 -1.518217521689023668e-05 5.408416729596381096e-05
-5.905709974150662384e-10 7.808441536484146570e-10 8.329818201265242986e-10 4.824331639793843319e-10 2.985951081819123056e-09 -1.136412131321536139e-07 -1.709450493350326587e-05 -1.567380659498037262e-05
5.943907832580227021e-10 -7.790603958355856960e-10 -8.108092243741193483e-10 -4.296222987588071366e-10 -3.378941583932674221e-09 -4.768366923503883519e-07 -1.523214491626193278e-06 -7.167013485818682936e-05
-5.981633791117838935e-10 7.767199569247451517e-10 7.844771360128172309e-10 3.632247155925251133e-10 4.055255972777637706e-09 -1.815605581040935462e-06 3.365706069962439697e-05 -7.024778381595787869e-05
6.018776104339633481e-10 -7.737265060883919637e-10 -7.530260211088239138e-10 -2.780377936102346246e-10 -5.492909353797500173e-09 -5.221383683845494622e-06 6.351390809163469787e-05 -2.841583665298679791e-05
-6.055204526934685427e-10 7.699615018342388447e-10 7.151787863841712299e-10 1.658198013954554414e-10 1.008416924160279298e-08 -1.093768103294301885e-05 5.185569830919522865e-05 9.176602998654812815e-06
6.090766553374107134e-10 -7.652774007681656874e-10 -6.691966013162204167e-10 -1.270514062380451972e-11 -5.119502252873128980e-08 -1.490271500592770242e-05 -2.937344316978564091e-06 2.130092219847465091e-05
-6.125282847175770310e-10 7.594881631486361216e-10 6.126481389324112698e-10 -2.065140580165117362e-10 -2.101951961425998563e-07 -7.320803591769422142e-06 -5.514582981796841007e-05 1.610383373576356204e-05
6.158541360441960092e-10 -7.523557765147153251e-10 -5.420248325156082009e-10 5.426482499567112016e-10 -8.827199338366545976e-07 1.816049518271365968e-05 -6.204506085203333903e-05 7.832310404879218085e-06
-6.190289979548753172e-10 7.435706885798444399e-10 4.520675702789982516e-10 -1.113752204226406841e-09 -2.870644594704832497e-06 4.799853267404508776e-05 -3.002944782526072707e-05 2.766891649028768861e-06
6.220227061577896513e-10 -7.327226233030961917e-10 -3.345170840647653425e-10 2.254134637094475925e-09 -6.960294966723536218e-06 5.112874255032494146e-05 3.935322969587176825e-06 7.358129119410169113e-07
-6.247989185795946106e-10 7.192558675226888423e-10 1.756201828870017184e-10 -5.097267027904107467e-09 -1.170345773260458272e-05 1.367862581011374046e-05 1.747015990437653438e-05 1.754078929251704761e-07
6.273135291916571709e-10 -7.023984228604132716e-10 4.932713491179181149e-11 -8.549437061562517720e-08 -1.069742923745680267e-05 -3.576503889949881639e-05 1.457303160841178967e-05 1.911368621498907934e-08
-6.295125549481787252e-10 6.810453296242184866e-10 -3.894542604351823442e-10 -3.440850525803597153e-07 4.323640508572846237e-06 -5.475366297253728370e-05 7.520083204717069147e-06 -1.110348578426893677e-08
6.313293434965355526e-10 -6.535576839470778604e-10 9.575848878021552460e-10 -1.318177856885416742e-06 3.055999852415947830e-05 -3.504869242691466155e-05 2.789227692936889155e-06 8.279049625241937662e-09
-6.326808060900537507e-10 6.173969966984153256e-10 -2.075983192228906862e-09 -3.759423035616908258e-06 4.608760699891455929e-05 -3.993437365594219527e-06 7.727394183260196754e-07 -6.922821175164909051e-09
6.334622875490397207e-10 -5.684144571043261765e-10 5.074966234196420692e-09 -7.834167228488645275e-06 2.859821001051128322e-05 1.306759347412967130e-05 1.846801067034953238e-07 6.142947669282637882e-09
-6.335405849711393443e-10 4.993501418087904072e-10 -2.181153736708755725e-08 -1.056089300883692193e-05 -1.332524154992823098e-05 1.375407131776441694e-05 2.936640007813696446e-08 -5.643400344548723302e-09
6.327443824934789836e-10 -3.963086922892685697e-10 -1.170434437872741807e-07 -4.977012214324676623e-06 -4.359417522379351967e-05 8.023614500002770021e-06 -1.135437370693972966e-08 5.300647673968249738e-09
-6.308513432770349407e-10 2.292269481734398596e-10 -4.832829627837171500e-07 1.328853772542348795e-05 -3.952633089557019508e-05 3.271123600553444936e-06 6.933628188925666272e-09 -5.054545551690223136e-09
6.275715350628524382e-10 7.952972101134189614e-11 -1.674223251282970156e-06 3.429720756106542211e-05 -1.411340945688957925e-05 9.876011317419941409e-07 -5.056738886124703365e-09 4.872437163197782583e-09
-6.225291472630379805e-10 -7.941254640728101377e-10 -4.298626115637720718e-06 3.600728527803645984e-05 6.740246987331762209e-06 2.396572192504030962e-07 4.029480384398538350e-09 -4.735101597344827998e-09
6.152542696727150477e-10 3.375727074286154901e-09 -7.838356725913599391e-06 9.035636798024663285e-06 1.250761417682052852e-05 5.176419219104098336e-08 -3.380942151740330492e-09 4.630505570530941885e-09
-6.052348538972850130e-10 -3.346589229319164226e-08 -8.414139900995511832e-06 -2.585316647384911486e-05 8.975328089503068111e-06 -8.067669107774712184e-09 2.932748642947784642e-09 -4.550741161063799495e-09
5.922390850809830209e-10 -1.444994735392115369e-07 1.415068674954936195e-07 -3.877456903188899638e-05 4.215196538983556699e-06 2.530205704191225695e-09 -2.603167764085125099e-09 4.490405667234870819e-09
-5.778771720413527959e-10 -5.904103306476423280e-07 1.819463347093428656e-05 -2.444250316690462359e-05 1.452425063870770014e-06 -6.984693219308345975e-10 2.349612697488685604e-09 -4.445689980217815363e-09
5.737822268659600680e-10 -1.887070185651098403e-06 3.233581495122313069e-05 -2.497713317639282187e-06 3.727580263814632433e-07 -1.941305081811519485e-10 -2.147742244251075472e-09 4.413838960318998533e-09
-6.572790122779426660e-10 -4.460139431911996425e-06 2.478861570885761742e-05 9.362061195244258531e-06 9.366864336078230705e-08 7.278913215157458580e-10 1.982638349728440308e-09 -4.392818147446586884e-09
1.621725977999465160e-09 -7.260278716386343639e-06 -3.544799919693209807e-06 9.691126206239196003e-06 2.329324521995537918e-09 -1.089658813445054442e-09 -1.844645842932546673e-09 4.381100448954909653e-09
-4.065216381879036873e-08 -6.153187736127667555e-06 -2.875628083205143459e-05 5.615676073511472586e-06 -9.750100456061631440e-10 1.356473361139167752e-09 1.727236001881742309e-09 -4.377525346900348737e-09
-1.608815952741708115e-07 3.689874880779953404e-06 -3.057030406102530722e-05 2.271746739524446405e-06 1.115477915388778637e-10 -1.565627035309808118e-09 -1.625832426635115531e-09 4.381203496247323105e-09
-6.455897338998534290e-07 1.973457566537143500e-05 -1.381587677487747866e-05 6.867522885886186203e-07 3.853976869896976183e-10 1.737315462989665854e-09 1.537129131297810292e-09 -4.391450635092710614e-09
-1.943706456264151289e-06 2.799218761377196646e-05 2.768578658147619984e-06 1.620727711440712132e-07 -7.068672606340617074e-10 -1.883421946890214381e-09 -1.458675944335063215e-09 4.407740903209951087e-09
-4.321639385243819582e-06 1.576320904071462718e-05 8.873693694280359063e-06 3.892434638393109967e-08 9.353068206548206253e-10 2.011401054053794867e-09 1.388616420273344609e-09 -4.429673350763437971e-09
-6.426368101474425072e-06 -1.002252546761369773e-05 7.101403723020169073e-06 -9.486799758079879419e-09 -1.109371518409684283e-09 -2.126174545624886761e-09 -1.325516615518347050e-09 4.456947618033823268e-09
-4.301899201849973225e-06 -2.706127632981931421e-05 3.578935612355639232e-06 5.608451780488338558e-09 1.249191682094488254e-09 2.231131605479922687e-09 1.268249956906766647e-09 -4.489346124246294964e-09
5.606870647373759625e-06 -2.311032101245088838e-05 1.299627133489297768e-06 -4.331009836547647593e-09 -1.366199212050837468e-09 -2.328690533527311372e-09 -1.215917813937026551e-09 4.526720969063418792e-09
1.917478089147628496e-05 -7.366155424846489962e-06 3.558348204128158454e-07 3.726414980582684235e-09 1.467350028614423498e-09 2.420630856660787104e-09 1.167793525881748108e-09 -4.568984339305585570e-09
2.338236333769814853e-05 4.673689915130144686e-06 8.314527695676712737e-08 -3.382457498461921706e-09 -1.557118304714600244e-09 -2.508298294548324713e-09 -1.123282128654342837e-09 4.616101572132468701e-09
9.645031856412241114e-06 7.567437374731725514e-06 1.337919599667322665e-08 3.164932755838660761e-09 1.638516182981136786e-09 2.592736047097403239e-09 1.081890853856900766e-09 -4.668086274196446776e-09
-1.248288752056132280e-05 5.217278397330106836e-06 -6.884368599774693214e-09 -3.018116288457564307e-09 -1.713650584335895142e-09 -2.674771596892596717e-09 -1.043207192174094782e-09 4.724997111542248338e-09
-2.384129216633057883e-05 2.390744196132817790e-06 5.085597260088948066e-09 2.914915468174284572e-09 1.784044354334827298e-09 2.755075708008082580e-09 1.006882309925126603e-09 -4.786935979755586219e-09
-1.750487958431698297e-05 8.028941111103203191e-07 -4.295456667090754734e-09 -2.840623737806680739e-09 -1.850830237984313815e-09 -2.834203608296870840e-09 -9.726183478186237973e-10 4.854047361648843134e-09
-3.790242585802039766e-06 2.052240841667432785e-07 3.862242869005074043e-09 2.786583935268059831e-09 1.914872683539278751e-09 2.912624327774888157e-09 9.401585676048840888e-10 -4.926518777313094038e-09
5.031713663989186830e-06 4.893246274875991279e-08 -3.593408128039895910e-09 -2.747374232424973664e-09 -1.976847023905932598e-09 -2.990742088866881218e-09 -9.092796120038965331e-10 5.004582275814186847e-09
6.273511642401844116e-06 1.634340642197225717e-09 3.413474125513673652e-09 2.719429567087901486e-09 2.037292466343111175e-09 3.068912238283514568e-09 8.797853415173369390e-10 -5.088516949771612932e-09
3.947444474920022483e-06 -2.087171075775401042e-09 -3.287096875287968649e-09 -2.700312333802934735e-09 -2.096648479527315543e-09 -3.147453287620173975e-09 -8.515018750514407950e-10 5.178652540291674475e-09
1.695019590195257388e-06 1.958108585161852959e-09 3.195586665433404235e-09 2.688301948106876103e-09 2.155280434126888943e-09 3.226656262882103210e-09 8.242735518407812474e-10 -5.275374241461828754e-09
5.409310514505731028e-07 -1.847213271046802816e-09 -3.128149975599586199e-09 -2.682151810177817243e-09 -2.213497993466275332e-09 -3.306792089609598790e-09 -7.979595779291561215e-10 5.379128823261127233e-09
1.308838092590632977e-07 1.770342536162267685e-09 3.078123651450286711e-09 2.680939158179989684e-09 2.271568619885715795e-09 3.388117541486014132e-09 7.724312270279041682e-10 -5.490432315812348547e-09
3.316706793380575521e-08 -1.717101565502696722e-09 -3.041174465727323876e-09 -2.683968878900001327e-09 -2.329727672078319144e-09 -3.470880182146642348e-09 -7.475694451500780081e-10 5.609879558277358089e-09
-4.234263397922220389e-09 1.679583784741205701e-09 3.014364552663345511e-09 2.690709967213494638e-09 2.388186059800204890e-09 3.555322559787586958e-09 7.232627629061622183e-10 -5.738155957989524864e-09
2.244650996907367738e-09 -1.652834376920291228e-09 -2.995633405454548665e-09 -2.700752424475409244e-09 -2.447136225634546301e-09 -3.641685871149913474e-09 -6.994054431013070370e-10 5.876052003199380761e-09
-1.754292930100818191e-09 1.633746434384506083e-09 2.983494934965666384e-09 2.713777289997036041e-09 2.506756828543143737e-09 3.730213266286461120e-09 6.758957885539509511e-10 -6.024481209409843935e-09
1.561130709889128251e-09 -1.620310954128620207e-09 -2.976852216764203527e-09 -2.729535436038588227e-09 -2.567216527794362810e-09 -3.821152933553749278e-09 -6.526345467083348951e-10 6.184502356291550442e-09
-1.465764689480894657e-09 1.611183547252030429e-09 2.974879859046895372e-09 2.747832256884367301e-09 2.628677124428713478e-09 3.914761051546882916e-09 6.295233620859385629e-10 -6.357347211576632668e-09
1.412882663237148627e-09 -1.605435573171172762e-09 -2.976946846114374464e-09 -2.768516436572322083e-09 -2.691296159632409061e-09 -4.011304719045373528e-09 -6.064632317937784935e-10 6.544455346347113471e-09
-1.381961940661889671e-09 1.602407435309785034e-09 2.982564505859480977e-09 2.791471653999333669e-09 2.755229191375012941e-09 4.111064953382569407e-09 5.833528848541769359e-10 -6.747518165557417447e-09
1.363828420133746241e-09 -1.601619243221058286e-09 -2.991350550615091694e-09 -2.816610321160389679e-09 -2.820631808364444320e-09 -4.214339811405129565e-09 -5.600870491647103983e-10 6.968535083978051785e-09
-1.353817640824844672e-09 1.602714657329868858e-09 3.003003703768917365e-09 2.843868872034679592e-09 2.887661445529044515e-09 4.321447742194265387e-09 5.365545423016385669e-10 -7.209885953867596029e-09
1.349324868314585826e-09 -1.605424488548739500e-09 -3.017285435731732306e-09 -2.873204185060140471e-09 -2.956479109563820710e-09 -4.432731249228599733e-09 -5.126360726421194821e-10 7.474425457211820910e-09
-1.348788591220989905e-09 1.609542444230319028e-09 3.034006619095943484e-09 2.904590827861109431e-09 3.027251034742847357e-09 4.548560943851809439e-09 4.882016819621020544e-10 -7.765607618747170622e-09
1.351219547394324072e-09 -1.614908613644734766e-09 -3.053017641517570886e-09 -2.938019009761889948e-09 -3.100150322342384488e-09 -4.669340111133614015e-09 -4.631077010889120430e-10 8.087652333379652074e-09
-1.355962937590054579e-09 1.621397938955268125e-09 3.074200949314032235e-09 2.973493004917680932e-09 3.175358611214180262e-09 4.795509915455216776e-09 4.371930240099699616e-10 -8.445771432085655931e-09
1.362569833388405222e-09 -1.628912003731048952e-09 -3.097465425068930455e-09 -3.011029993091851668e-09 -3.253067822648112877e-09 -4.927555378624152541e-09 -4.102744940314982543e-10 8.846480725523110738e-09
-1.370723603537596200e-09 1.637373116018539152e-09 3.122742067592658984e-09 3.050659261980906800e-09 3.333482003419287306e-09 5.066012315472888442e-09 3.821411141541684700e-10 -9.298038845742646893e-09
1.380195802720823016e-09 -1.646719954313992423e-09 -3.149980650371905898e-09 -3.092421638983984211e-09 -3.416819319547850737e-09 -5.211475471060865094e-09 -3.525466401051060785e-10 9.811077452946319746e-09
-1.390818656321628719e-09 1.656904313090046404e-09 3.179147175841136862e-09 3.136369191618566542e-09 3.503314255015895935e-09 5.364608092739684763e-09 3.211999685560015663e-10 -1.039952788388504651e-08
1.402467308327250785e-09 -1.667888662557584079e-09 -3.210221865883435139e-09 -3.182565130982667945e-09 -3.593220035600032656e-09 -5.526153301401396372e-09 -2.877525263094993835e-10 1.108202085602278850e-08
-1.415048021071966371e-09 1.679644296489799853e-09 3.243197638202929399e-09 3.231083884714836733e-09 3.686811359459241293e-09 5.696947717662299117e-09 2.517814333689291985e-10 -1.188406709842150343e-08
1.428490138529157995e-09 -1.692149886968695853e-09 -3.278078941747770750e-09 -3.282011366374384269e-09 -3.784387499002833386e-09 -5.877937850319291518e-09 -2.127666709561131345e-10 1.284157867726367841e-08
-1.442740489185418418e-09 1.705390389395146430e-09 3.314880859526033924e-09 3.335445403873582870e-09 3.886275828299198973e-09 6.070199989264822700e-09 1.700596420561300389e-10 -1.400680006720779948e-08
1.457759401856607665e-09 -1.719356194726349476e-09 -3.353628498796223562e-09 -3.391496341432267320e-09 -3.992835891683591854e-09 -6.274964546769022822e-09 -1.228390569254133610e-10 1.545881248142426417e-08
-1.473517839219788345e-09 1.734042439596462888e-09 3.394356539989004852e-09 3.450287812850106272e-09 4.104464124841141806e-09 6.493646034880515441e-09 7.004780919118155201e-11 -1.732330485658849795e-08
1.489995291717323041e-09 -1.749448514552434588e-09 -3.437108975385878120e-09 -3.511957709526500179e-09 -4.221599347184906039e-09 -6.727880307778333154e-09 -1.030066306166409886e-11 1.981269347199767975e-08
-1.507178215612278024e-09 1.765577658458032081e-09 3.481939025596997933e-09 3.576659344217120918e-09 4.344729206513430146e-09 6.979571260824739550e-09 -5.825406540537140733e-11 -2.331566940701113883e-08
1.525058867863027108e-09 -1.782436642747746160e-09 -3.528909149715983096e-09 -3.644562831087719002e-09 -4.474397803101982199e-09 -7.250949920386336488e-09 1.381475788794475901e-10 2.862347472927931019e-08
-1.543634425023653372e-09 1.800035573528593503e-09 3.578091222535545620e-09 3.715856736695071810e-09 4.611214722742248671e-09 7.544649956590590463e-09 -2.329292381244020996e-10 -3.760536493108633127e-08
1.562906318891941813e-09 -1.818387709227813351e-09 -3.629566829728389096e-09 -3.790749994593329518e-09 -4.755865831283448757e-09 -7.863805286340567309e-09 3.477245158515009289e-10 5.573815125117589874e-08
-1.582879728076606609e-09 1.837509369193878663e-09 3.683427669920081251e-09 3.869474158133626801e-09 4.909126274789779942e-09 8.212177737967002568e-09 -4.901937243408215155e-10 -1.039471963763431778e-07
1.603563208421573564e-09 -1.857419881386485262e-09 -3.739776105552667908e-09 -3.952286042575781642e-09 -5.071876193527267136e-09 -8.594326185301015884e-09 6.722628550537128831e-10 -1.213386641527451472e-06
-1.624968403172855481e-09 1.878141552730748161e-09 3.798725835029330509e-09 4.039470805758641335e-09 5.245119872356466151e-09 9.015833901452116683e-09 -9.134389140775611924e-10 -4.994713625269239153e-06
1.647109838640671789e-09 -1.899699722257703413e-09 -3.860402703980664898e-09 -4.131345561092016422e-09 -5.430009275101866180e-09 -9.483619035884588928e-09 1.247635596884654478e-09 -1.894549155794350142e-05
-1.670004796567571968e-09 1.922122801572097327e-09 3.924945674625485751e-09 4.228263631896926021e-09 5.627873153117803474e-09 1.000636606718926191e-08 -1.738549269535605722e-09 -5.383158322187620959e-05
1.693673203760673041e-09 -1.945442378961845430e-09 -3.992507966276526454e-09 -4.330619557337784739e-09 -5.840253352588053132e-09 -1.059513727210561091e-08 2.518531969851568514e-09 -1.114038280326882098e-04
-1.718137602975795162e-09 1.969693367707578914e-09 4.063258379609363654e-09 4.438855003137457364e-09 6.068950545503561567e-09 1.126425860001584930e-08 -3.903158411222580537e-09 -1.487359401877832500e-04
1.743423145431553374e-09 -1.994914151112865397e-09 -4.137382839414516467e-09 -4.553465805714181765e-09 -6.316082362557615713e-09 -1.203263550019575947e-08 6.809482328884235283e-09 -6.702407069508127297e-05
-1.769557601564012317e-09 2.021146804422239912e-09 4.215086191507210297e-09 4.675010354042974778e-09 6.584158039738521275e-09 1.292576391219439279e-08 -1.486132645997840103e-08 1.928977282718675145e-04
1.796571442232515325e-09 -2.048437336904612549e-09 -4.296594270765270015e-09 -4.804119637355398323e-09 -6.876175415106741119e-09 -1.397890648138127013e-08 5.271990040505530400e-08 4.868519522090208928e-04
-1.824497905994835782e-09 2.076835969205987338e-09 4.382156311073893843e-09 4.941509386211879857e-09 7.195748515906745663e-09 1.524230561561315639e-08 -7.830749057067931849e-07 5.036869632746346880e-04
1.853373122418702812e-09 -2.106397473051598511e-09 -4.472047744207778381e-09 -5.087994770819885991e-09 -7.547277644647856570e-09 -1.679013751547188656e-08 -3.197015543018845850e-06 1.181165115842118204e-04
-1.883236264664440961e-09 2.137181548383878853e-09 4.566573447856206908e-09 5.244508349455102639e-09 7.936179567882944273e-09 1.873675607038725598e-08 -1.296128363870780364e-05 -3.710640361558452957e-04
1.914129697009124796e-09 -2.169253260519608159e-09 -4.666071542231969072e-09 -5.412122149949678451e-09 -8.369204227590281048e-09 -2.126820530700770526e-08 -4.008939069978041176e-05 -5.454196021049057593e-04
-1.946099205195709491e-09 2.202683538562720063e-09 4.770917834718815538e-09 5.592075010356453932e-09 8.854878560160725046e-09 2.470872485097123799e-08 -9.166707697884803453e-05 -3.387279703168377676e-04
1.979194216299169380e-09 -2.237549751057594579e-09 -4.881531035160104070e-09 -5.785806713812865795e-09 -9.404141385407926623e-09 -2.967728518132230469e-08 -1.421631416024240688e-04 -3.053650098227722218e-05
-2.013468055073577092e-09 2.273936354406928565e-09 4.998378904127910349e-09 5.995001008179150716e-09 1.003127297618717246e-08 3.751438400471350436e-08 -1.069482768539041886e-04 1.331173206658855341e-04
2.048978275336114460e-09 -2.311935639285631310e-09 -5.121985546319311632e-09 -6.221640332956101202e-09 -1.075529247420969794e-08 -5.171659893271988219e-08 1.002430748024808011e-04 1.357404299172499100e-04
-2.085786982578530708e-09 2.351648591828561291e-09 5.252940078069110852e-09 6.468076132274037986e-09 1.160212323119357630e-08 8.459920808262381776e-08 4.071870957644860658e-04 7.803222244246891875e-05
2.123961226917632292e-09 -2.393185866283799375e-09 -5.391906991995894047e-09 -6.737120268574225338e-09 -1.260806807545058604e-08 -2.126454465968388029e-07 5.315126246209713086e-04 3.142566711897086241e-05
-2.163573456947959875e-09 2.436668917282003797e-09 5.539638643128157454e-09 7.032165334055162589e-09 1.382562172576656461e-08 -1.423594758450181129e-06 2.560855162050552350e-04 9.419519510296573366e-06
2.204702002687537793e-09 -2.482231301690747266e-09 -5.696990337753632285e-09 -7.357345129347208553e-09 -1.533368154863224405e-08 -5.937989544173667082e-06 -2.411146385214092312e-04 2.250045020541324670e-06
-2.247431640256452283e-09 2.530020177142307593e-09 5.864938707886551939e-09 7.717751967831118410e-09 1.725658521250988293e-08 -2.158486597521779899e-05 -5.290949465103052729e-04 5.045182331507915216e-07
2.291854233793625781e-09 -2.580198047573032273e-09 -6.044604259784660842e-09 -8.119735852797377846e-09 -1.980232039627138128e-08 -5.859472343215898067e-05 -4.159989589179532857e-04 -1.097957894452937716e-07
-2.338069448330616971e-09 2.632944794784009666e-09 6.237279217526282497e-09 8.571324003714929511e-09 2.334674461190365695e-08 -1.145633590389155221e-04 -1.098252227885540707e-04 5.507730720571652224e-08
2.386185560337100169e-09 -2.688460047800697207e-09 -6.444462183390304055e-09 -9.082821430917851015e-09 -2.864354557531546708e-08 -1.394139308608531764e-04 1.031027463045186077e-04 -3.651347434883348901e-08
-2.436320394947318440e-09 2.746965961880986246e-09 6.667901691421557840e-09 9.667691002930619896e-09 3.744425243750529082e-08 -3.587483554728446698e-05 1.429712829054648800e-04 2.747122460919227658e-08
2.488602372828232960e-09 -2.808710505509539523e-09 -6.909651423124880459e-09 -1.034387766326471600e-08 -5.484460004817275950e-08 2.313772661455590731e-04 9.364178658253576612e-05 -2.215115440886275111e-08
-2.543171708453027482e-09 2.873971336359226496e-09 7.172140900478126820e-09 1.113586253967197304e-08 1.025613493989647304e-07 4.897114658306243873e-04 4.139951201485794904e-05 1.864456663202084643e-08
2.600181802627687452e-09 -2.943060417730501134e-09 -7.458267037652141902e-09 -1.207796374191404966e-08 -3.888807985952350478e-07 4.443584586406864679e-04 1.351364222249802884e-05 -1.615313622823423478e-08
-2.659800812082962736e-09 3.016329555414894199e-09 7.771514127818971402e-09 1.321986493719125154e-08 -1.847035697217790867e-06 3.512144181031315863e-05 3.353879108554659415e-06 1.428662186727193837e-08
2.722213471776905759e-09 -3.094177039944990636e-09 -8.116113141871491519e-09 -1.463634413717256533e-08 -7.757002957380897213e-06 -4.050053356584664647e-04 8.236384062115587839e-07 -1.283225263357906591e-08
-2.787623212070495903e-09 3.177055691951373471e-09 8.497256354687207106e-09 1.644545042646123383e-08 -2.647855926329603990e-05 -5.072724723567923703e-04 -4.021942481586711824e-08 1.166427685932219067e-08
2.856254591212340215e-09 -3.265482681126705322e-09 -8.921391158902149905e-09 -1.884507951291949728e-08 -6.734647809528127547e-05 -2.747494673279713730e-04 7.845327119862090618e-09 -1.070362193232662498e-08
-2.928356142244845117e-09 3.360051558517797926e-09 9.396629497981607229e-09 2.219385503236374605e-08 -1.209852206350685050e-04 7.016812144915670038e-06 -2.059313790733269685e-09 9.898064835861453778e-09
3.004203707246777525e-09 -3.461447126687502825e-09 -9.933329894643930708e-09 -2.721363263734690030e-08 -1.264448739580427601e-04 1.349185825377131475e-04 3.139992848302476189e-10 -9.211712427572859037e-09
-3.084104339495757345e-09 3.570463993107709169e-09 1.054494357966350294e-08 3.559103357850875084e-08 1.001971460828865741e-05 1.218395425422071478e-04 3.720898325111742616e-10 8.619067094913442249e-09
3.168400911067251648e-09 -3.688029887352916427e-09 -1.124927622052894599e-08 -5.227373860223939115e-08 2.875730854212547654e-04 6.575949945716246892e-05 -6.851091765355466258e-10 -8.101505516895848802e-09
-3.257477588561966380e-09 3.815235233337265764e-09 1.207042490232536981e-08 9.865145485765251054e-08 4.952795598195281358e-04 2.525584922773687678e-05 8.404316152026917377e-10 7.645098875124799686e-09
3.351766344474437615e-09 -3.953371085929584892e-09 -1.304185348360789568e-08 -3.867698365618508265e-07 3.662564864328974592e-04 7.233942532490871703e-06 -9.204925569326240599e-10 -7.239214005861712736e-09
-3.451754759712186129e-09 4.103978305217242780e-09 1.421147124601912002e-08 -1.809158080221346602e-06 -7.102320496208671882e-05 1.722151313892057510e-06 9.614705375178881485e-10 6.875587437346364895e-09
3.557995449469581304e-09 -4.268912053676722829e-09 -1.565042044857018559e-08 -7.596466692916343865e-06 -4.458967011672201929e-04 3.322668045761142737e-07 -9.809003639359033483e-10 -6.547695680614375403e-09
-3.671117480854470933e-09 4.450427558768025106e-09 1.746916166891035651e-08 -2.581146037279447280e-05 -4.598759138484994746e-04 -1.030763714756487163e-07 9.879393497130692457e-10 6.250316721662063362e-09
3.791840315215987886e-09 -4.651295799058051139e-09 -1.984902883299539472e-08 -6.533922704591104921e-05 -1.998722678824200224e-04 5.818904771059756945e-08 -9.876528588843849388e-10 -5.979218189878477613e-09
-3.920990979087115146e-09 4.874962057224183657e-09 2.310978364885406484e-08 -1.166375238716550961e-04 4.844853734487459065e-05 -4.075426373748106418e-08 9.829716656017588424e-10 5.730931407258263180e-09
4.059525342174828089e-09 -5.125767147892221473e-09 -2.787166975214574570e-08 -1.204195099556200089e-04 1.356456903518736415e-04 3.164493070767602355e-08 -9.756524813653252124e-10 -5.502584889874410723e-09
-4.208554706502954996e-09 5.409262286169056156e-09 3.550912522397387533e-08 1.295868690561366812e-05 1.063000078426294275e-04 -2.605535666727325114e-08 9.667777090615883890e-10 5.291779804941447566e-09
4.369379360742594885e-09 -5.732667304604486593e-09 -4.973751706004470315e-08 2.800338243048452005e-04 5.283520442613871436e-05 2.226735163076379631e-08 -9.570283927093953718e-10 -5.096495501177035558e-09
-4.543531323864419089e-09 6.105554515174617234e-09 8.449021473071236727e-08 4.757712896023167867e-04 1.902508538788400742e-05 -1.952243955106978081e-08 9.468394757058053489e-10 4.915016940531304174e-09
4.732829341767163472e-09 -6.540899073923970516e-09 -2.396023962612384184e-07 3.462138319300884582e-04 5.122265859204494924e-06 1.743555464406980577e-08 -9.364912255989138329e-10 -4.745878339054893420e-09
-4.939450508932215642e-09 7.056746312040515563e-09 -1.382049768472038938e-06 -7.521909807822921258e-05 1.235652024902993357e-06 -1.579078524931061522e-08 9.261646901202663129e-10 4.587818913974900099e-09
5.166024709423673494e-09 -7.678961601688980197e-09 -5.791742695032750041e-06 -4.305783353182374065e-04 1.478723262409335789e-07 1.445774288733719022e-08 -9.159761937056384086e-10 -4.439747787279630829e-09
-5.415760838111939923e-09 8.445973100207415228e-09 -2.062961428222153358e-05 -4.383082350005160005e-04 -6.747492525731072204e-08 -1.335302445650337260e-08 9.059992720423835122e-10 4.300715920284192825e-09
5.692618110994504145e-09 -9.417395415472886040e-09 -5.483740789766187204e-05 -1.871543496651784349e-04 4.320305160747877455e-08 1.242077501573460340e-08 -8.962788912714222499e-10 -4.169893485361982172e-09
-6.001542507263427783e-09 1.069072600733057046e-08 -1.043711262995887013e-04 4.899861162098121124e-05 -3.205479524465750173e-08 -1.162215944373970702e-08 8.868408195328592027e-10 4.046551453227934095e-09
6.348799251442150526e-09 -1.243616412836573449e-08 -1.212676897917457119e-04 1.301968176955670305e-04 2.570712912553343063e-08 1.092932036057340657e-08 -8.776978712017358542e-10 -3.930046520904292764e-09
-6.742450278323815293e-09 1.497558727177126420e-08 -1.914475645390401748e-05 1.010942200553095098e-04 -2.160726262736235763e-08 -1.032174085514989976e-08 8.688541380090298148e-10 3.819808704947319128e-09
7.193056360890446584e-09 -1.897498598220360453e-08 2.234958158809546890e-04 4.996298370439533252e-05 1.873351811413296751e-08 9.783965003851371681e-09 -8.603078833944983564e-10 -3.715331028490023635e-09
-7.714737840958995225e-09 2.584882162695446584e-08 4.405459730283125229e-04 1.790922580399838428e-05 -1.660106291856103240e-08 -9.304119429788640120e-09 8.520535135631734342e-10 3.616160919880785091e-09
8.326827584990642700e-09 -3.460164638400340645e-08 3.752249367595376266e-04 4.801028186680854224e-06 1.495108240592142119e-08 8.872925556082758365e-09 -8.440829501222797881e-10 -3.521893010567453854e-09
-9.056541316320512371e-09 -8.537470003586087640e-07 -3.902153333480382353e-07 1.160068917841354147e-06 -1.363300689886939392e-08 -8.483022383836359238e-09 8.363865900830549847e-10 3.432163040947495855e-09
9.943478137516356774e-09 -3.485972407565070631e-06 -3.756624632293578355e-04 1.310413567762569483e-07 1.255330654567982517e-08 8.128491472682427667e-09 -8.289539615912566267e-10 -3.346642700609977426e-09
-1.104759901216638284e-08 -1.353860258641781268e-05 -4.403503753145833369e-04 -6.143453563650138741e-08 -1.165080684883202763e-08 -7.804516963444859787e-09 8.217741732555492250e-10 3.265035241438465865e-09
1.246426714928820109e-08 -3.951671797630014335e-05 -2.230140153872944148e-04 3.963179019256875802e-08 1.088379309622554040e-08 7.507137793902044285e-09 -8.148362403072598072e-10 -3.187071716871867670e-09
-1.435484821860390549e-08 -8.448170637758114945e-05 1.946555804988207237e-05 -2.948234612435643409e-08 -1.022282561158109663e-08 -7.233064153965740348e-09 8.081292973013265233e-10 3.112507749487496412e-09
1.701533018240352897e-08 -1.186201274288543195e-04 1.213172238601067389e-04 2.366455505400164678e-08 9.646520043673299484e-09 6.979539535430932322e-09 -8.016427307704968165e-10 -3.041120752225396438e-09
-2.105130140330478953e-08 -6.561768647097266879e-05 1.042904637812861813e-04 -1.989224742328612338e-08 -9.138957578100336731e-09 -6.744235634531946429e-09 7.953662822808271732e-10 2.972707518616269814e-09
2.791091965340560775e-08 1.304784910357139954e-04 5.475756315293219619e-05 1.724151827188759532e-08 8.688035081112370691e-09 6.525171302982803900e-09 -7.892901049330463710e-10 -2.907082122164089552e-09
-4.199553392559186598e-08 3.725599943037910034e-04 2.058911451846296903e-05 -1.527124962050199744e-08 -8.284379840237153919e-09 -6.320649363762133777e-09 7.834047855270516918e-10 2.844074097626218027e-09
8.352765466249164669e-08 4.153321907627491034e-04 5.777109827232934373e-06 1.374497596333698186e-08 7.920615571054806456e-09 6.129206836063616787e-09 -7.777013676552323888e-10 -2.783526844197003781e-09
-3.834828585423915999e-07 1.318723373969671634e-04 1.378996251510939491e-06 -1.252471023505011409e-08 -7.590853738407535683e-09 -5.949575336470274708e-09 7.721713509821719754e-10 2.725296219004738978e-09
-1.708427255501307875e-06 -2.669234676012840471e-04 2.380186155938225741e-07 1.152453995571552229e-08 7.290333350928487722e-09 5.780649316858812394e-09 -7.668066803417294646e-10 -2.669249310828799082e-09
-7.153120635084813156e-06 -4.373489042559620477e-04 -8.402787497415537003e-08 -1.068817056555124707e-08 -7.015160963827316030e-09 -5.621460387987295059e-09 7.615997356410813061e-10 2.615263351717129506e-09
-2.386003870347319807e-05 -2.932467373293934408e-04 4.940941746612547988e-08 9.977158616902747474e-09 6.762119749786822047e-09 5.471156376399942428e-09 -7.565433180603411406e-10 -2.563224751064786206e-09
-5.923820888228599772e-05 -4.393033853090313361e-05 -3.521685610628746510e-08 -9.364340311692235636e-09 -6.528527087105085465e-09 -5.328984136630881963e-09 7.516306261109565140e-10 2.513028244118546718e-09
-1.030259757009877204e-04 1.005701355046619965e-04 2.759313358002607692e-08 8.829964497523787444e-09 6.312126862789246687e-09 5.194275372229406257e-09 -7.468552371709692404e-10 -2.464576137724551818e-09
-1.009940325126232384e-04 1.114836096295034978e-04 -2.283759959398447508e-08 -8.359315527798471807e-09 -6.111006965569453052e-09 -5.066434827844656483e-09 7.422110933140586546e-10 2.417777623482166555e-09
2.326778541456853958e-05 6.666628829357372130e-05 1.958006780791723589e-08 7.941196810579464312e-09 5.923535315548282932e-09 4.944930419594121926e-09 -7.376924707783849230e-10 -2.372548179422040841e-09
2.571662897895437856e-04 2.763467249444598089e-05 -1.720186572262920581e-08 -7.566932135248641544e-09 -5.748309764047963570e-09 -4.829284953650505643e-09 7.332939674147559371e-10 2.328809035485345627e-09
4.139211006955733360e-04 8.510952129774995980e-06 1.538391647034803888e-08 7.229689567491120700e-09 5.584118455316791346e-09 4.719069111321899435e-09 -7.290104837300352281e-10 -2.286486667401379726e-09
2.814506421902658465e-04 2.048594283963042449e-06 -1.394522200780658793e-08 -6.924012463684973986e-09 -5.429908159820867412e-09 -4.613895497559134535e-09 7.248371994069928623e-10 2.245512381214736533e-09
-8.982372843329176426e-05 4.827108045872244015e-07 1.277550162532761159e-08 6.645487120021477295e-09 5.284758779221616635e-09 4.513413570721397044e-09 -7.207695595807752373e-10 -2.205821913195389781e-09
-3.823078290812968586e-04 -7.912017850634825592e-08 -1.180371609353081880e-08 -6.390502716631264692e-09 -5.147862665876815406e-09 -4.417305293057336294e-09 7.168032591005457130e-10 2.167355059985013727e-09
-3.693834507560871160e-04 3.603363522296536585e-08 1.098201833173836213e-08 6.156074915002916118e-09 5.018507703618007311e-09 4.325281386849845971e-09 -7.129342255431787377e-10 -2.130055384024624605e-09
-1.462675065547127003e-04 -2.286827633328607253e-08 -1.027698359174200750e-08 -5.939714217227808543e-09 -4.896063371972706301e-09 -4.237078107758317452e-09 7.091585998207455441e-10 2.093869899208216821e-09
5.092639728920169274e-05 1.680432930443400262e-08 9.664540154973955156e-09 5.739326357303472048e-09 4.779969221671014259e-09 4.152454447812999641e-09 -7.054727349600032615e-10 -2.058748816172071443e-09
1.128728003108838882e-04 -1.335580919778244062e-08 -9.126899183695332664e-09 -5.553135959040519614e-09 -4.669725256490102822e-09 -4.071189691236109699e-09 7.018731710608278415e-10 2.024645308690248037e-09
8.451974585188084849e-05 1.113350321954447406e-08 8.650620748495239234e-09 5.379627320140399036e-09 4.564883864609034541e-09 3.993081297240098681e-09 -6.983566233069697513e-10 -1.991515275916724060e-09
4.083346222358196702e-05 -9.579509002896737941e-09 -8.225353938592225150e-09 -5.217498016649969075e-09 -4.465043036556207659e-09 -3.917943037717530875e-09 6.949199874107278882e-10 1.959317168138934839e-09
1.436928745720418273e-05 8.428923417238443277e-09 7.842991876423393995e-09 5.065622183903595509e-09 4.369840613089616271e-09 3.845603356671958036e-09 -6.915603055431073022e-10 -1.928011785519428721e-09
3.787423832224593744e-06 -7.540431923121202319e-09 -7.497090423958078688e-09 -4.923021173303292283e-09 -4.278949384368676364e-09 -3.775903937680506498e-09 6.882747701828117677e-10 1.897562113949830750e-09
9.204903174991707476e-07 6.831922783571261404e-09 7.182459229168564074e-09 4.788839917159139004e-09 4.192072913192532027e-09 3.708698430299424141e-09 -6.850607216464033465e-10 -1.867933189520971564e-09
7.833729199928070597e-08 -6.252462771564461034e-09 -6.894868246161377434e-09 -4.662327756141362830e-09 -4.108941947102312985e-09 -3.643851320716382739e-09 6.819156181064505964e-10 1.839091933909585641e-09
-4.191655050194413389e-08 5.768786888249412329e-09 6.630833336181059244e-09 4.542822747068659143e-09 4.029311316963028408e-09 3.581236933197792262e-09 -6.788370497370139461e-10 -1.811007043102256496e-09
2.819135981595118847e-08 -5.358244078587343715e-09 -6.387457100657499080e-09 -4.429738733186405988e-09 -3.952957266142146260e-09 -3.520738546485157310e-09 6.758227202416462033e-10 1.783648868789694836e-09
-2.138707390654032546e-08 5.004870221510759004e-09 6.162309023963129611e-09 4.322554654577753542e-09 3.879675130112505668e-09 3.462247587117920279e-09 -6.728704373339210637e-10 -1.756989299201046030e-09
1.736344073324046589e-08 -4.697084022774530654e-09 -5.953333997953373381e-09 -4.220805618679732843e-09 -3.809277303131810303e-09 -3.405662926772109254e-09 6.699781205923530290e-10 1.731001669419414247e-09
-1.470617450738346262e-08 4.426274377647289401e-09 5.758781657167288759e-09 4.124075410226954491e-09 3.741591476994375218e-09 3.350890254480500998e-09 -6.671437752430954550e-10 -1.705660665734426417e-09
1.281636206536123782e-08 -4.185901407153997488e-09 -5.577151213192879250e-09 -4.031990199306706338e-09 -3.676459088906385979e-09 -3.297841480990291359e-09 6.643655033646124229e-10 1.680942239644880856e-09
-1.139971450360379050e-08 3.970905759750671244e-09 5.407147933433771033e-09 3.944213193523442732e-09 3.613733952827020136e-09 3.246434248976598949e-09 -6.616414958440983619e-10 -1.656823527746086977e-09
1.029537537061040296e-08 -3.777309500179020810e-09 -5.247648473966991311e-09 -3.860440090521354721e-09 -3.553281060155373185e-09 -3.196591462545390163e-09 6.589700138830297033e-10 1.633282783876379640e-09
-9.408149938327529894e-09 3.601939795286290197e-09 5.097673040229525801e-09 3.780395198411866178e-09 3.494975516652254643e-09 3.148240851914121724e-09 -6.563494059815960522e-10 -1.610299306823925411e-09
8.678135281664775888e-09 -3.442233445050037349e-09 -4.956362856386239351e-09 -3.703828100145279627e-09 -3.438701596546020311e-09 -3.101314623110321339e-09 6.537780876609753452e-10 1.587853377139967625e-09
-8.065751495861532108e-09 3.296095904750655999e-09 4.822961770863187253e-09 3.630510773427383190e-09 3.384351901226491701e-09 3.055749090433023053e-09 -6.512545407600385273e-10 -1.565926205257869978e-09
7.543787789980410648e-09 -3.161797844375420524e-09 -4.696801144861146347e-09 -3.560235108954024360e-09 -3.331826622733808246e-09 -3.011484373016184499e-09 6.487773169540075462e-10 1.544499868876003649e-09
-7.092910999041130551e-09 3.037898079416882907e-09 4.577287373224530859e-09 3.492810753997969340e-09 3.281032864279068291e-09 2.968464119636905817e-09 -6.463450241398114819e-10 -1.523557268927009948e-09
6.698998722244202433e-09 -2.923185313212183140e-09 -4.463891487226545915e-09 -3.428063220291865015e-09 -3.231884044353021033e-09 -2.926635228692158162e-09 6.439563307315874911e-10 1.503082080994008369e-09
-6.351487713712001835e-09 2.816633528742094273e-09 4.356140454498440973e-09 3.365832250723234245e-09 3.184299377051929521e-09 2.885947638003766040e-09 -6.416099583214214576e-10 -1.483058709628497767e-09
6.042313653197715141e-09 -2.717367456875789649e-09 -4.253609873137549620e-09 -3.305970373053936040e-09 -3.138203363518348066e-09 -2.846354092441520379e-09 6.393046823398771465e-10 1.463472250935907721e-09
-5.765209185914409059e-09 2.624635533476853825e-09 4.155917781539710572e-09 3.248341628072736584e-09 3.093525377928774346e-09 2.807809945467325726e-09 -6.370393252495080678e-10 -1.444308451948283386e-09
5.515226488101059322e-09 -2.537788500846334516e-09 -4.062719400774306837e-09 -3.192820456568915332e-09 -3.050199278331212095e-09 -2.770272996841542264e-09 6.348127569564049563e-10 1.425553677397184136e-09
-5.288404758561791580e-09 2.456262347505711184e-09 3.973702652620486732e-09 3.139290707353974002e-09 3.008163029353250367e-09 2.733703303615701994e-09 -6.326238943134788802e-10 -1.407194873049948879e-09
5.081533740614760674e-09 -2.379564579740109915e-09 -3.888584315081212300e-09 -3.087644760444012363e-09 -2.967358411347055488e-09 -2.698063042678061737e-09 6.304716910553627028e-10 1.389219539194935617e-09
-4.891982375317310441e-09 2.307263069124943392e-09 3.807106707896961663e-09 3.037782743078606215e-09 2.927730709625594728e-09 2.663316370355365913e-09 -6.283551462590456884e-10 -1.371615699219550273e-09
4.717572539512701303e-09 -2.238976948085398568e-09 -3.729034837029970319e-09 -2.989611845205153435e-09 -2.889228453832830168e-09 -2.629429284160628097e-09 6.262732948775797977e-10 1.354371869035246848e-09
-4.556484574049454267e-09 2.174369127376838494e-09 3.654153916445563476e-09 2.943045687110848493e-09 2.851803189935431066e-09 2.596369513831948814e-09 -6.242252067580174672e-10 -1.337477039548406808e-09
4.407185642851367645e-09 -2.113140083594170019e-09 -3.582267203620851004e-09 -2.898003765627092490e-09 -2.815409236869024008e-09 -2.564106406525972207e-09 6.222099894166417524e-10 1.320920645957036081e-09
-4.268374710477195437e-09 2.055022690711202438e-09 3.513194120724293917e-09 2.854410970102126457e-09 2.780003513469769591e-09 2.532610827551332988e-09 -6.202267811843260421e-10 -1.304692545525525249e-09
4.138939778100354113e-09 -1.999777896201282274e-09 -3.446768603624642215e-09 -2.812197109357627270e-09 -2.745545339160647237e-09 -2.501855062826490835e-09 6.182747518447444330e-10 1.288783000784542859e-09
-4.017924322437290497e-09 1.947191068419406518e-09 3.382837647542067086e-09 2.771296527208689967e-09 2.711996262451483366e-09 2.471812738110829674e-09 -6.163531018543739131e-10 -1.273182657278266628e-09
3.904500693161818361e-09 -1.897068908751890179e-09 -3.321260032499937606e-09 -2.731647739292296978e-09 -2.679319928969709847e-09 -2.442458734872302867e-09 6.144610604506679872e-10 1.257882522312930231e-09
-3.797948819197001410e-09 1.849236828193152846e-09 3.261905195110778259e-09 2.693193082327589000e-09 2.647481915944918598e-09 2.413769111990934394e-09 -6.125978826314793877e-10 -1.242873949851166104e-09
3.697639034627379541e-09 -1.803536703362216160e-09 -3.204652225012772473e-09 -2.655878444457095447e-09 -2.616449615875449122e-09 -2.385721046093419767e-09 6.107628504656736786e-10 1.228148627325899657e-09
-3.603018131773193140e-09 1.759824947333958789e-09 3.149388974769537661e-09 2.619652974738454034e-09 2.586192119193076703e-09 2.358292757499801953e-09 -6.089552718670709843e-10 -1.213698552066278568e-09
3.513597930652229873e-09 -1.717970855302251172e-09 -3.096011278861399802e-09 -2.584468840649857152e-09 -2.556680094797997546e-09 -2.331463453748966165e-09 6.071744760878775043e-10 1.199516021708370807e-09
-3.428945849643556039e-09 1.677855171175230530e-09 3.044422233635769322e-09 2.550281017395328607e-09 2.527885697008437538e-09 2.305213276652035973e-09 -6.054198166886742972e-10 -1.185593621966606018e-09
3.348677102822946952e-09 -1.639368835810675647e-09 -2.994531571190598446e-09 -2.517047060087250434e-09 -2.499782467684368122e-09 -2.279523245144452911e-09 6.036906693089203740e-10 1.171924207552566500e-09
-3.272448177104908765e-09 1.602411911432055691e-09 2.946255105143082941e-09 2.484726941818423377e-09 2.472345253934987286e-09 2.254375208723133182e-09 -6.019864295656693040e-10 -1.158500895222358801e-09
3.199951353476506850e-09 -1.566892630052163131e-09 -2.899514196627201807e-09 -2.453282871466531458e-09 -2.445550120623756856e-09 -2.229751803850853556e-09 6.003065122364266453e-10 1.145317048395373652e-09
-3.130910099319148803e-09 1.532726561085776214e-09 2.854235318707105636e-09 2.422679130305822119e-09 2.419374284202247632e-09 2.205636409384533969e-09 -5.986503530493065163e-10 -1.132366268756594531e-09
3.065075156621226390e-09 -1.499835886161694349e-09 -2.810349640815273315e-09 -2.392881950968697891e-09 -2.393796042079455426e-09 -2.182013105195376000e-09 5.970174057587903453e-10 1.119642383892588016e-09
-3.002221203187179394e-09 1.468148752436039621e-09 2.767792636717058068e-09 2.363859364382109428e-09 2.368794700907057200e-09 2.158866640484599972e-09 -5.954071387823944735e-10 -1.107139436787693052e-09
2.942144006394939074e-09 -1.437598703432313447e-09 -2.726503774883844411e-09 -2.335581088897776054e-09 -2.344350530721838912e-09 -2.136182394474703479e-09 5.938190412866910097e-10 1.094851680312857116e-09
-2.884657980192410421e-09 1.408124173823934437e-09 2.686426191225769980e-09 2.308018423607488146e-09 2.320444699218806236e-09 2.113946342507420552e-09 -5.922526167801233493e-10 -1.082773561690980627e-09
2.829594062640926553e-09 -1.379668046769606645e-09 -2.647506417260838000e-09 -2.281144135463189874e-09 -2.297059222155785876e-09 -2.092145031811564052e-09 5.907073828086091888e-10 1.070899720669580048e-09
-2.776797893618648906e-09 1.352177244868602989e-09 2.609694136250119121e-09 2.254932373434803179e-09 2.274176921215848824e-09 2.070765547294078083e-09 -5.891828747199512958e-10 -1.059224978320100446e-09
2.726128233436398345e-09 -1.325602379059468870e-09 -2.572941932106859340e-09 -2.229358577767285800e-09 -2.251781372282583762e-09 -2.049795484287559825e-09 5.876786397572627346e-10 1.047744326670591001e-09
-2.677455563604384974e-09 1.299897436725781527e-09 2.537205103667847317e-09 2.204399401588282081e-09 2.229856867120180940e-09 2.029222927175929053e-09 -5.861942399259442635e-10 -1.036452928532059536e-09
2.630660886832754517e-09 -1.275019474991164104e-09 -2.502441456535477445e-09 -2.180032632225043365e-09 -2.208388374676499548e-09 -2.009036423875625408e-09 5.847292501902274233e-10 1.025346103945230051e-09
-2.585634666330020286e-09 1.250928385395100011e-09 2.468611124832765344e-09 2.156237127351005607e-09 2.187361504820716633e-09 1.989224960576482902e-09 -5.832832580161125813e-10 -1.014419325928776890e-09
2.542275880011058043e-09 -1.227586654571096084e-09 -2.435676429250527659e-09 -2.132992749715391699e-09 -2.166762471271215832e-09 -1.969777942953726434e-09 5.818558635552016536e-10 1.003668215872114013e-09
-2.500491204838561856e-09 1.204959142324918951e-09 2.403601706600873553e-09 2.110280301681813663e-09 2.146578063422268589e-09 1.950685179401689557e-09 -5.804466777558894931e-10 -9.930885356131988301e-10
2.460194288006807649e-09 -1.183012918055271716e-09 -2.372353186289048492e-09 -2.088081480669129627e-09 -2.126795616808045329e-09 -1.931936855209725027e-09 5.790553240055210981e-10 9.826761816342587762e-10
-2.421305091385305875e-09 1.161717066435569525e-09 2.341898867067289537e-09 2.066378819202820576e-09 2.107402979180425334e-09 1.913523519193817564e-09 -5.776814354708823835e-10 -9.724271812611598579e-10
2.383749319206903814e-09 -1.141042543894376627e-09 -2.312208393114027589e-09 -2.045155638783403449e-09 -2.088388491240637078e-09 -1.895436068408021728e-09 5.763246565043559360e-10 9.623376868362077159e-10
-2.347457913795965822e-09 1.120962040444280375e-09 2.283252955130488962e-09 2.024396009392629782e-09 2.069740960169954664e-09 1.877665727951179495e-09 -5.749846411944918223e-10 -9.524039692270746220e-10
2.312366580886052725e-09 -1.101449834804617815e-09 -2.255005189903991968e-09 -2.004084703324760882e-09 -2.051449631982202463e-09 -1.860204038988867295e-09 5.736610533223766025e-10 9.426224171630494904e-10
-2.278415386289681378e-09 1.082481703318113114e-09 2.227439090548159556e-09 1.984207157718079468e-09 2.033504174323473116e-09 1.843042843300893095e-09 -5.723535664232395717e-10 -9.329895271822794256e-10
2.245548399849597753e-09 -1.064034790000309916e-09 -2.200529919857042206e-09 -1.964749439567000573e-09 -2.015894657224618205e-09 -1.826174272300257047e-09 5.710618621437904528e-10 9.235019052446939560e-10
-2.213713337060472441e-09 1.046087515533269948e-09 2.174254137785727094e-09 1.945698211660928729e-09 1.998611528523480931e-09 1.809590729852935867e-09 -5.697856325121190103e-10 -9.141562588567286138e-10
